BioMASSver                             0.22
date                             2024/11/05
hour                               14:22:01
biomass.model.taxonomy.Plant2 
Generic                       
Plant                         
longevity                             36499
linf                                 0.0000
t0                                   0.0000
k                                    0.5000
a                                    0.0000
b                                    0.0000
newborn_orgs                            400
pop_deathrate                        0.0007
rep_cycle                             18250
age_classes                               2
                         steps       orgs00        hid00     killed00    starved00   leanmass00    fatmass00   killmass00  starvemas00       orgs01        hid01     killed01    starved01   leanmass01    fatmass01   killmass01  starvemas01
                             0          400            0            0            0  178023.5837   83775.8041       0.0000       0.0000            0            0            0            0       0.0000       0.0000       0.0000       0.0000
                          3600          400            0            0            0   24866.2536   11701.7664  239165.3669       0.0000            0            0            0            0       0.0000       0.0000       0.0000       0.0000
                          7200          400            0            0            0   29470.4399   13868.4423  239165.3669       0.0000            0            0            0            0       0.0000       0.0000       0.0000       0.0000
                         10800          400            0            0            0   28283.8291   13310.0372  457135.1542       0.0000            0            0            0            0       0.0000       0.0000       0.0000       0.0000
                         14400          400            0            0            0   35866.3873   16878.2999  457135.1542       0.0000            0            0            0            0       0.0000       0.0000       0.0000       0.0000
                         18000          400            0            0            0   44350.4801   20870.8142  820076.6404       0.0000            0            0            0            0       0.0000       0.0000       0.0000       0.0000
                         21600          400            0            0            0   47885.9437   22534.5617  820076.6404       0.0000            0            0            0            0       0.0000       0.0000       0.0000       0.0000
                         25200          400            0            0            0   53071.9924   24975.0552  820076.6404       0.0000            0            0            0            0       0.0000       0.0000       0.0000       0.0000
                         28800          400            0            0            0   58704.0665   27625.4431 1144462.9315       0.0000            0            0            0            0       0.0000       0.0000       0.0000       0.0000
                         32400          400            0            0            0   65388.6524   30771.1305 1144462.9315       0.0000            0            0            0            0       0.0000       0.0000       0.0000       0.0000
                         36000          400            0            0            0   75530.5092   35543.7690 1362787.6158       0.0000            0            0            0            0       0.0000       0.0000       0.0000       0.0000
                         39600          400            0            0            0   80786.2361   38017.0523 1362787.6158       0.0000            0            0            0            0       0.0000       0.0000       0.0000       0.0000
                         43200          400            0            0            0   87783.0229   41309.6578 1362787.6158       0.0000            0            0            0            0       0.0000       0.0000       0.0000       0.0000
                         46800          400            0            0            0   95696.8167   45033.7961 1520962.0823       0.0000            0            0            0            0       0.0000       0.0000       0.0000       0.0000
                         50400          400            0            0            0  102611.2258   48287.6357 1520962.0823       0.0000            0            0            0            0       0.0000       0.0000       0.0000       0.0000
                         54000          400            0            0            0  112144.0679   52773.6790 1660013.9173       0.0000            0            0            0            0       0.0000       0.0000       0.0000       0.0000
                         57600          400            0            0            0  117474.0733   55281.9169 1660013.9173       0.0000            0            0            0            0       0.0000       0.0000       0.0000       0.0000
                         61200          400            0            0            0  129330.9339   60861.6160 1790468.2222       0.0000            0            0            0            0       0.0000       0.0000       0.0000       0.0000
                         64800          400            0            0            0  134102.5957   63107.1039 1790468.2222       0.0000            0            0            0            0       0.0000       0.0000       0.0000       0.0000
                         68400          400            0            0            0  142837.2603   67217.5343 1790468.2222       0.0000            0            0            0            0       0.0000       0.0000       0.0000       0.0000
                         72000          400            0            0            0  148085.6145   69687.3480 1910419.3628       0.0000            0            0            0            0       0.0000       0.0000       0.0000       0.0000
                         75600          400            0            0            0  153351.5849   72165.4517 1910419.3628       0.0000            0            0            0            0       0.0000       0.0000       0.0000       0.0000
                         79200          400            0            0            0  164063.4814   77206.3442 2045136.9744       0.0000            0            0            0            0       0.0000       0.0000       0.0000       0.0000
                         82800          400            0            0            0  167899.7185   79011.6322 2045136.9744       0.0000            0            0            0            0       0.0000       0.0000       0.0000       0.0000
                         86400          400            0            0            0  174166.2327   81960.5801 2045136.9744       0.0000            0            0            0            0       0.0000       0.0000       0.0000       0.0000
                         90000          400            0            0            0  178022.9488   83775.5053 2173102.5918       0.0000            0            0            0            0       0.0000       0.0000       0.0000       0.0000
                         93600          400            0            0            0  178023.5831   83775.8038 2173102.5918       0.0000            0            0            0            0       0.0000       0.0000       0.0000       0.0000
                         97200          400            0            0            0  178014.6475   83771.5988 2289208.3541       0.0000            0            0            0            0       0.0000       0.0000       0.0000       0.0000
                        100800          400            0            0            0  178023.5756   83775.8003 2289208.3541       0.0000            0            0            0            0       0.0000       0.0000       0.0000       0.0000
                        104400          400            0            0            0  177900.7358   83717.9933 2399136.6745       0.0000            0            0            0            0       0.0000       0.0000       0.0000       0.0000
                        108000          400            0            0            0  178023.4795   83775.7550 2399136.6745       0.0000            0            0            0            0       0.0000       0.0000       0.0000       0.0000
                        111600          400            0            0            0  178023.5836   83775.8040 2399136.6745       0.0000            0            0            0            0       0.0000       0.0000       0.0000       0.0000
                        115200          400            0            0            0  178021.6130   83774.8767 2505173.9874       0.0000            0            0            0            0       0.0000       0.0000       0.0000       0.0000
                        118800          400            0            0            0  178023.5818   83775.8032 2505173.9874       0.0000            0            0            0            0       0.0000       0.0000       0.0000       0.0000
                        122400          400            0            0            0  178000.0149   83764.7129 2617571.8941       0.0000            0            0            0            0       0.0000       0.0000       0.0000       0.0000
                        126000          400            0            0            0  178023.5646   83775.7951 2617571.8941       0.0000            0            0            0            0       0.0000       0.0000       0.0000       0.0000
                        129600          400            0            0            0  178023.5837   83775.8041 2617571.8941       0.0000            0            0            0            0       0.0000       0.0000       0.0000       0.0000
                        133200          400            0            0            0  178023.2298   83775.6376 2729664.9815       0.0000            0            0            0            0       0.0000       0.0000       0.0000       0.0000
                        136800          400            0            0            0  178023.5834   83775.8039 2729664.9815       0.0000            0            0            0            0       0.0000       0.0000       0.0000       0.0000
                        140400          400            0            0            0  178019.7528   83774.0013 2830989.6460       0.0000            0            0            0            0       0.0000       0.0000       0.0000       0.0000
                        144000          400            0            0            0  178023.5806   83775.8026 2830989.6460       0.0000            0            0            0            0       0.0000       0.0000       0.0000       0.0000
                        147600          400            0            0            0  177940.5365   83736.7231 2936872.9084       0.0000            0            0            0            0       0.0000       0.0000       0.0000       0.0000
                        151200          400            0            0            0  178023.5368   83775.7820 2936872.9084       0.0000            0            0            0            0       0.0000       0.0000       0.0000       0.0000
                        154800          400            0            0            0  178023.5837   83775.8041 2936872.9084       0.0000            0            0            0            0       0.0000       0.0000       0.0000       0.0000
                        158400          400            0            0            0  178023.2216   83775.6337 3045243.7030       0.0000            0            0            0            0       0.0000       0.0000       0.0000       0.0000
                        162000          400            0            0            0  178023.5835   83775.8040 3045243.7030       0.0000            0            0            0            0       0.0000       0.0000       0.0000       0.0000
                        165600          400            0            0            0  178017.1170   83772.7610 3162553.3196       0.0000            0            0            0            0       0.0000       0.0000       0.0000       0.0000
                        169200          400            0            0            0  178023.5812   83775.8029 3162553.3196       0.0000            0            0            0            0       0.0000       0.0000       0.0000       0.0000
                        172800          400            0            0            0  178023.5837   83775.8041 3162553.3196       0.0000            0            0            0            0       0.0000       0.0000       0.0000       0.0000
                        176400          400            0            0            0  178023.5829   83775.8037 3275649.6822       0.0000            0            0            0            0       0.0000       0.0000       0.0000       0.0000
                        180000          400            0            0            0  178023.5837   83775.8041 3275649.6822       0.0000            0            0            0            0       0.0000       0.0000       0.0000       0.0000
                        183600          400            0            0            0  178023.4230   83775.7285 3388830.9943       0.0000            0            0            0            0       0.0000       0.0000       0.0000       0.0000
                        187200          400            0            0            0  178023.5837   83775.8041 3388830.9943       0.0000            0            0            0            0       0.0000       0.0000       0.0000       0.0000
