BioMASSver                             0.22
date                             2017/12/07
hour                               12:23:51
biomass.model.taxonomy.Plant2 
Generic                       
Plant                         
longevity                             36499
linf                                 0.0000
t0                                   0.0000
k                                    0.5000
a                                    0.0000
b                                    0.0000
newborn_orgs                            400
pop_deathrate                        0.0007
rep_cycle                             18250
age_classes                               2
                         steps       orgs00        hid00     killed00    starved00   leanmass00    fatmass00   killmass00  starvemas00       orgs01        hid01     killed01    starved01   leanmass01    fatmass01   killmass01  starvemas01
                             0          400            0            0            0  178023.5837   83775.8041       0.0000       0.0000            0            0            0            0       0.0000       0.0000       0.0000       0.0000
                          3600          400            0            0            0   24243.1895   11408.5597  239108.1103       0.0000            0            0            0            0       0.0000       0.0000       0.0000       0.0000
                          7200          400            0            0            0   29736.8385   13993.8064  239108.1103       0.0000            0            0            0            0       0.0000       0.0000       0.0000       0.0000
                         10800          400            0            0            0   29771.2408   14009.9957  474485.5590       0.0000            0            0            0            0       0.0000       0.0000       0.0000       0.0000
                         14400          400            0            0            0   34412.4807   16194.1086  474485.5590       0.0000            0            0            0            0       0.0000       0.0000       0.0000       0.0000
                         18000          400            0            0            0   42272.2425   19892.8200  824621.8963       0.0000            0            0            0            0       0.0000       0.0000       0.0000       0.0000
                         21600          400            0            0            0   46356.0968   21814.6338  824621.8963       0.0000            0            0            0            0       0.0000       0.0000       0.0000       0.0000
                         25200          400            0            0            0   51705.6082   24332.0509  824621.8963       0.0000            0            0            0            0       0.0000       0.0000       0.0000       0.0000
                         28800          400            0            0            0   59653.9599   28072.4517 1146180.3220       0.0000            0            0            0            0       0.0000       0.0000       0.0000       0.0000
                         32400          400            0            0            0   68560.2465   32263.6454 1146180.3220       0.0000            0            0            0            0       0.0000       0.0000       0.0000       0.0000
                         36000          400            0            0            0   78329.0947   36860.7505 1392305.9386       0.0000            0            0            0            0       0.0000       0.0000       0.0000       0.0000
                         39600          400            0            0            0   82181.4276   38673.6130 1392305.9386       0.0000            0            0            0            0       0.0000       0.0000       0.0000       0.0000
                         43200          400            0            0            0   85813.3634   40382.7593 1392305.9386       0.0000            0            0            0            0       0.0000       0.0000       0.0000       0.0000
                         46800          400            0            0            0   93096.2074   43809.9800 1547708.0867       0.0000            0            0            0            0       0.0000       0.0000       0.0000       0.0000
                         50400          400            0            0            0  100449.2803   47270.2496 1547708.0867       0.0000            0            0            0            0       0.0000       0.0000       0.0000       0.0000
                         54000          400            0            0            0  108586.1506   51099.3650 1677358.3813       0.0000            0            0            0            0       0.0000       0.0000       0.0000       0.0000
                         57600          400            0            0            0  115955.2797   54567.1904 1677358.3813       0.0000            0            0            0            0       0.0000       0.0000       0.0000       0.0000
                         61200          400            0            0            0  130490.6397   61407.3599 1805098.4646       0.0000            0            0            0            0       0.0000       0.0000       0.0000       0.0000
                         64800          400            0            0            0  133445.7644   62798.0068 1805098.4646       0.0000            0            0            0            0       0.0000       0.0000       0.0000       0.0000
                         68400          400            0            0            0  139776.6125   65777.2294 1805098.4646       0.0000            0            0            0            0       0.0000       0.0000       0.0000       0.0000
                         72000          400            0            0            0  149203.3024   70213.3188 1936273.7634       0.0000            0            0            0            0       0.0000       0.0000       0.0000       0.0000
                         75600          400            0            0            0  156186.6649   73499.6070 1936273.7634       0.0000            0            0            0            0       0.0000       0.0000       0.0000       0.0000
                         79200          400            0            0            0  163655.4534   77014.3310 2055786.2931       0.0000            0            0            0            0       0.0000       0.0000       0.0000       0.0000
                         82800          400            0            0            0  168007.6983   79062.4463 2055786.2931       0.0000            0            0            0            0       0.0000       0.0000       0.0000       0.0000
                         86400          400            0            0            0  172598.5003   81222.8237 2055786.2931       0.0000            0            0            0            0       0.0000       0.0000       0.0000       0.0000
                         90000          400            0            0            0  178022.9760   83775.5181 2171248.0340       0.0000            0            0            0            0       0.0000       0.0000       0.0000       0.0000
                         93600          400            0            0            0  178023.5831   83775.8038 2171248.0340       0.0000            0            0            0            0       0.0000       0.0000       0.0000       0.0000
                         97200          400            0            0            0  178013.5206   83771.0685 2296373.2949       0.0000            0            0            0            0       0.0000       0.0000       0.0000       0.0000
                        100800          400            0            0            0  178023.5744   83775.7997 2296373.2949       0.0000            0            0            0            0       0.0000       0.0000       0.0000       0.0000
                        104400          400            0            0            0  177853.5145   83695.7715 2429158.4207       0.0000            0            0            0            0       0.0000       0.0000       0.0000       0.0000
                        108000          400            0            0            0  178023.4340   83775.7336 2429158.4207       0.0000            0            0            0            0       0.0000       0.0000       0.0000       0.0000
                        111600          400            0            0            0  178023.5836   83775.8040 2429158.4207       0.0000            0            0            0            0       0.0000       0.0000       0.0000       0.0000
                        115200          400            0            0            0  178022.3700   83775.2330 2548875.6865       0.0000            0            0            0            0       0.0000       0.0000       0.0000       0.0000
                        118800          400            0            0            0  178023.5827   83775.8036 2548875.6865       0.0000            0            0            0            0       0.0000       0.0000       0.0000       0.0000
                        122400          400            0            0            0  177998.9089   83764.1924 2654122.8503       0.0000            0            0            0            0       0.0000       0.0000       0.0000       0.0000
                        126000          400            0            0            0  178023.5611   83775.7935 2654122.8503       0.0000            0            0            0            0       0.0000       0.0000       0.0000       0.0000
                        129600          400            0            0            0  178023.5837   83775.8041 2654122.8503       0.0000            0            0            0            0       0.0000       0.0000       0.0000       0.0000
                        133200          400            0            0            0  178023.2865   83775.6642 2761229.8941       0.0000            0            0            0            0       0.0000       0.0000       0.0000       0.0000
                        136800          400            0            0            0  178023.5834   83775.8040 2761229.8941       0.0000            0            0            0            0       0.0000       0.0000       0.0000       0.0000
                        140400          400            0            0            0  178020.2910   83774.2546 2863776.4854       0.0000            0            0            0            0       0.0000       0.0000       0.0000       0.0000
                        144000          400            0            0            0  178023.5808   83775.8027 2863776.4854       0.0000            0            0            0            0       0.0000       0.0000       0.0000       0.0000
                        147600          400            0            0            0  177961.8526   83746.7542 2969115.5328       0.0000            0            0            0            0       0.0000       0.0000       0.0000       0.0000
                        151200          400            0            0            0  178023.5649   83775.7953 2969115.5328       0.0000            0            0            0            0       0.0000       0.0000       0.0000       0.0000
                        154800          400            0            0            0  178023.5837   83775.8041 2969115.5328       0.0000            0            0            0            0       0.0000       0.0000       0.0000       0.0000
                        158400          400            0            0            0  178023.1352   83775.5930 3079341.7116       0.0000            0            0            0            0       0.0000       0.0000       0.0000       0.0000
                        162000          400            0            0            0  178023.5833   83775.8039 3079341.7116       0.0000            0            0            0            0       0.0000       0.0000       0.0000       0.0000
                        165600          400            0            0            0  178017.6166   83772.9961 3185086.7620       0.0000            0            0            0            0       0.0000       0.0000       0.0000       0.0000
                        169200          400            0            0            0  178023.5811   83775.8029 3185086.7620       0.0000            0            0            0            0       0.0000       0.0000       0.0000       0.0000
                        172800          400            0            0            0  178023.5837   83775.8041 3185086.7620       0.0000            0            0            0            0       0.0000       0.0000       0.0000       0.0000
                        176400          400            0            0            0  178023.5830   83775.8038 3286509.1857       0.0000            0            0            0            0       0.0000       0.0000       0.0000       0.0000
                        180000          400            0            0            0  178023.5837   83775.8041 3286509.1857       0.0000            0            0            0            0       0.0000       0.0000       0.0000       0.0000
