BioMASSver                             0.22
date                             2015/06/02
hour                               19:03:20
biomass.model.taxonomy.Planktivore1
Girella-Nigricans             
Chopa-verde                   
longevity                              3904
linf                                68.3000
t0                                  -0.4200
k                                    0.2700
a                                    0.0199
b                                    3.0063
newborn_orgs                            800
pop_deathrate                        0.0007
rep_cycle                               365
age_classes                              11
                         steps       orgs00        hid00     killed00    starved00   leanmass00    fatmass00   killmass00  starvemas00       orgs01        hid01     killed01    starved01   leanmass01    fatmass01   killmass01  starvemas01       orgs02        hid02     killed02    starved02   leanmass02    fatmass02   killmass02  starvemas02       orgs03        hid03     killed03    starved03   leanmass03    fatmass03   killmass03  starvemas03       orgs04        hid04     killed04    starved04   leanmass04    fatmass04   killmass04  starvemas04       orgs05        hid05     killed05    starved05   leanmass05    fatmass05   killmass05  starvemas05       orgs06        hid06     killed06    starved06   leanmass06    fatmass06   killmass06  starvemas06       orgs07        hid07     killed07    starved07   leanmass07    fatmass07   killmass07  starvemas07       orgs08        hid08     killed08    starved08   leanmass08    fatmass08   killmass08  starvemas08       orgs09        hid09     killed09    starved09   leanmass09    fatmass09   killmass09  starvemas09       orgs10        hid10     killed10    starved10   leanmass10    fatmass10   killmass10  starvemas10
                             0            0            0            0            0       0.0000       0.0000       0.0000       0.0000            0            0            0            0       0.0000       0.0000       0.0000       0.0000          800            0            0            0  848155.9257  172484.2900       0.0000       0.0000          623            0            0            0 1123792.6397  226586.8209       0.0000       0.0000          485            0            0            0 1251264.7938  258906.3324       0.0000       0.0000          377            0            0            0 1240938.5160  272213.0271       0.0000       0.0000          294            0            0            0 1163094.5891  235852.0722       0.0000       0.0000          229            0            0            0 1021832.3720  212202.7366       0.0000       0.0000          178            0            0            0  872931.6898  165126.7025       0.0000       0.0000          139            0            0            0  729399.6952  147870.2265       0.0000       0.0000            0            0            0            0       0.0000       0.0000       0.0000       0.0000
                          3600            0            0            0            0       0.0000       0.0000       0.0000       0.0000            0            0            0            0       0.0000       0.0000       0.0000       0.0000          619           75          181            0  661584.1631  136034.5217  223086.9785       0.0000          545           29           78            0  987978.4918  201247.9985  161251.2968       0.0000          457           21           28            0 1180014.1845  246542.3170   83665.6445       0.0000          365           13           12            0 1201989.4113  263854.0808   47650.8115       0.0000          288           12            6            0 1139482.2245  233477.1631   26111.9896       0.0000          227           10            2            0 1013114.2067  210264.5540   10746.2508       0.0000          176            0            2            0  863102.2590  163786.0147   11509.4105       0.0000          138            4            1            0  724238.3809  146681.5832    6461.8144       0.0000            0            0            0            0       0.0000       0.0000       0.0000       0.0000
                          7200            0            0            0            0       0.0000       0.0000       0.0000       0.0000            0            0            0            0       0.0000       0.0000       0.0000       0.0000          619           75          181            0  661586.6292  136141.9905  223086.9785       0.0000          545           29           78            0  987980.7099  201273.9451  161251.2968       0.0000          457           21           28            0 1180016.2536  246686.3624   83665.6445       0.0000          365           13           12            0 1201990.5866  263949.3206   47650.8115       0.0000          288           12            6            0 1139483.6023  233607.4833   26111.9896       0.0000          227           10            2            0 1013115.1058  210497.2075   10746.2508       0.0000          176            0            2            0  863102.8382  163907.7443   11509.4105       0.0000          138            4            1            0  724238.5543  146748.0932    6461.8144       0.0000            0            0            0            0       0.0000       0.0000       0.0000       0.0000
                         10800            0            0            0            0       0.0000       0.0000       0.0000       0.0000            0            0            0            0       0.0000       0.0000       0.0000       0.0000          603          177          197            0  644415.1018  132854.4319  243662.3574       0.0000          536          110           87            0  971536.3770  198198.2716  181163.7629       0.0000          456           67           29            0 1177288.0218  246582.1901   86715.5236       0.0000          365           50           12            0 1201993.3102  264254.3751   47650.8115       0.0000          288           30            6            0 1139486.2081  234202.7460   26111.9896       0.0000          227           39            2            0 1013115.8888  210811.4050   10746.2508       0.0000          176           15            2            0  863103.6663  164295.9022   11509.4105       0.0000          138           14            1            0  724239.0080  147061.2077    6461.8144       0.0000            0            0            0            0       0.0000       0.0000       0.0000       0.0000
                         14400            0            0            0            0       0.0000       0.0000       0.0000       0.0000            0            0            0            0       0.0000       0.0000       0.0000       0.0000          603          177          197            0  644422.6447  133142.1723  243662.3574       0.0000          536          110           87            0  971543.3709  198751.0683  181163.7629       0.0000          456           67           29            0 1177295.6999  247105.1278   86715.5236       0.0000          365           50           12            0 1201997.8570  264685.4111   47650.8115       0.0000          288           30            6            0 1139488.9182  235076.9618   26111.9896       0.0000          227           39            2            0 1013118.7646  211585.5720   10746.2508       0.0000          176           15            2            0  863104.6764  164870.5497   11509.4105       0.0000          138           14            1            0  724240.1775  147668.1491    6461.8144       0.0000            0            0            0            0       0.0000       0.0000       0.0000       0.0000
                         18000            0            0            0            0       0.0000       0.0000       0.0000       0.0000            0            0            0            0       0.0000       0.0000       0.0000       0.0000          575          293          225            0  618493.5488  127685.6811  275360.4719       0.0000          530          223           93            0  961348.1527  197324.7185  193350.9516       0.0000          455          172           30            0 1175058.9510  247496.5331   89073.3334       0.0000          365          148           12            0 1202000.4837  264961.3458   47650.8115       0.0000          287          121            7            0 1135595.5580  235000.3449   30710.2689       0.0000          227           91            2            0 1013120.7649  211954.0830   10746.2508       0.0000          176           78            2            0  863105.6888  165278.0205   11509.4105       0.0000          138           48            1            0  724240.7223  148079.9890    6461.8144       0.0000            0            0            0            0       0.0000       0.0000       0.0000       0.0000
                         21600            0            0            0            0       0.0000       0.0000       0.0000       0.0000            0            0            0            0       0.0000       0.0000       0.0000       0.0000          575          293          225            0  618503.1534  128101.4236  275360.4719       0.0000          530          223           93            0  961360.2802  198400.6183  193350.9516       0.0000          455          172           30            0 1175069.4862  248672.3280   89073.3334       0.0000          365          148           12            0 1202006.8312  266258.3533   47650.8115       0.0000          287          121            7            0 1135600.7175  236395.8618   30710.2689       0.0000          227           91            2            0 1013124.7894  213441.1455   10746.2508       0.0000          176           78            2            0  863107.0851  166335.5296   11509.4105       0.0000          138           48            1            0  724241.7512  148811.0648    6461.8144       0.0000            0            0            0            0       0.0000       0.0000       0.0000       0.0000
                         25200            0            0            0            0       0.0000       0.0000       0.0000       0.0000            0            0            0            0       0.0000       0.0000       0.0000       0.0000          575          293          225            0  618513.2054  128378.0790  275360.4719       0.0000          530          223           93            0  961375.3163  199166.5712  193350.9516       0.0000          455          172           30            0 1175077.9675  249778.8732   89073.3334       0.0000          365          148           12            0 1202013.8744  267490.2563   47650.8115       0.0000          287          121            7            0 1135606.7597  238442.7764   30710.2689       0.0000          227           91            2            0 1013126.2134  214135.8736   10746.2508       0.0000          176           78            2            0  863110.4349  168207.5707   11509.4105       0.0000          138           48            1            0  724243.1864  149980.4604    6461.8144       0.0000            0            0            0            0       0.0000       0.0000       0.0000       0.0000
                         28800            0            0            0            0       0.0000       0.0000       0.0000       0.0000            0            0            0            0       0.0000       0.0000       0.0000       0.0000          549          416          251            0  592623.0423  124077.1294  306392.5153       0.0000          524          352           99            0  950790.1984  197293.3834  207354.0269       0.0000          453          318           32            0 1169967.6372  249769.4360   96130.4947       0.0000          364          269           13            0 1198636.3501  268740.9418   51600.5836       0.0000          286          219            8            0 1131714.5784  239051.8386   35467.0904       0.0000          227          166            2            0 1013129.9035  215669.7226   10746.2508       0.0000          176          146            2            0  863113.1317  169893.2322   11509.4105       0.0000          138           95            1            0  724244.0218  150504.8465    6461.8144       0.0000            0            0            0            0       0.0000       0.0000       0.0000       0.0000
                         32400            0            0            0            0       0.0000       0.0000       0.0000       0.0000            0            0            0            0       0.0000       0.0000       0.0000       0.0000          549          416          251            0  592629.9882  124361.6587  306392.5153       0.0000          524          352           99            0  950805.4285  198163.5387  207354.0269       0.0000          453          318           32            0 1169984.3687  251768.7686   96130.4947       0.0000          364          269           13            0 1198643.8150  270140.6100   51600.5836       0.0000          286          219            8            0 1131718.5312  239967.9760   35467.0904       0.0000          227          166            2            0 1013131.8393  216387.8235   10746.2508       0.0000          176          146            2            0  863117.3413  172131.7844   11509.4105       0.0000          138           95            1            0  724245.8647  151830.7363    6461.8144       0.0000            0            0            0            0       0.0000       0.0000       0.0000       0.0000
                         36000            0            0            0            0       0.0000       0.0000       0.0000       0.0000            0            0            0            0       0.0000       0.0000       0.0000       0.0000          533          549          267            0  576535.2175  121684.5541  326205.1736       0.0000          514          493          109            0  933148.9803  196638.1334  227770.6003       0.0000          451          475           34            0 1164938.4883  252811.4784  102576.3370       0.0000          363          362           14            0 1195133.0702  272167.6371   55333.6809       0.0000          286          286            8            0 1131728.4161  242566.1944   35467.0904       0.0000          226          228            3            0 1008568.6135  215640.7175   16991.1011       0.0000          176          192            2            0  863120.7437  173972.0498   11509.4105       0.0000          138          147            1            0  724248.1411  153500.7185    6461.8144       0.0000            0            0            0            0       0.0000       0.0000       0.0000       0.0000
                         39600            0            0            0            0       0.0000       0.0000       0.0000       0.0000            0            0            0            0       0.0000       0.0000       0.0000       0.0000          533          549          267            0  576549.6901  122363.0306  326205.1736       0.0000          514          493          109            0  933167.5648  197930.2302  227770.6003       0.0000          451          475           34            0 1164958.2747  255273.3930  102576.3370       0.0000          363          362           14            0 1195146.3844  274450.9418   55333.6809       0.0000          286          286            8            0 1131734.4706  244156.2759   35467.0904       0.0000          226          228            3            0 1008575.4432  217920.9151   16991.1011       0.0000          176          192            2            0  863124.0657  175535.7547   11509.4105       0.0000          138          147            1            0  724249.6629  154508.3668    6461.8144       0.0000            0            0            0            0       0.0000       0.0000       0.0000       0.0000
                         43200            0            0            0            0       0.0000       0.0000       0.0000       0.0000            0            0            0            0       0.0000       0.0000       0.0000       0.0000          533          549          267            0  576571.4614  123338.7890  326205.1736       0.0000          514          493          109            0  933185.8833  199084.4314  227770.6003      