BioMASSver                             0.22
date                             2014/01/16
hour                               00:43:39
biomass.model.physiology.Planktivore1
Girella-Nigricans             
Chopa-verde                   
longevity                              3904
linf                                68.3000
t0                                  -0.4200
k                                    0.2700
a                                    0.0199
b                                    3.0063
newborn_orgs                           1000
pop_deathrate                        0.0007
rep_cycle                               365
age_classes                              11
                         steps       orgs00        hid00     killed00    starved00   leanmass00    fatmass00   killmass00  starvemas00       orgs01        hid01     killed01    starved01   leanmass01    fatmass01   killmass01  starvemas01       orgs02        hid02     killed02    starved02   leanmass02    fatmass02   killmass02  starvemas02       orgs03        hid03     killed03    starved03   leanmass03    fatmass03   killmass03  starvemas03       orgs04        hid04     killed04    starved04   leanmass04    fatmass04   killmass04  starvemas04       orgs05        hid05     killed05    starved05   leanmass05    fatmass05   killmass05  starvemas05       orgs06        hid06     killed06    starved06   leanmass06    fatmass06   killmass06  starvemas06       orgs07        hid07     killed07    starved07   leanmass07    fatmass07   killmass07  starvemas07       orgs08        hid08     killed08    starved08   leanmass08    fatmass08   killmass08  starvemas08       orgs09        hid09     killed09    starved09   leanmass09    fatmass09   killmass09  starvemas09       orgs10        hid10     killed10    starved10   leanmass10    fatmass10   killmass10  starvemas10
                             0            0            0            0            0       0.0000       0.0000       0.0000       0.0000            0            0            0            0       0.0000       0.0000       0.0000       0.0000         1000            0            0            0 1056600.6399  219099.4620       0.0000       0.0000          778            0            0            0 1406630.5870  296444.1272       0.0000       0.0000          606            0            0            0 1569554.7834  321457.2110       0.0000       0.0000          472            0            0            0 1557766.4940  310199.1942       0.0000       0.0000          367            0            0            0 1440969.0739  296456.9351       0.0000       0.0000          286            0            0            0 1275157.3723  269352.3608       0.0000       0.0000          223            0            0            0 1094072.8564  217882.8099       0.0000       0.0000          173            0            0            0  911662.5288  174231.0578       0.0000       0.0000            0            0            0            0       0.0000       0.0000       0.0000       0.0000
                          3600            0            0            0            0       0.0000       0.0000       0.0000       0.0000            0            0            0            0       0.0000       0.0000       0.0000       0.0000            3            1          997            0    3504.2246     756.9618 1271432.3640       0.0000           32            2          746            0   62777.4685   17867.2891 1622429.9565       0.0000          115           19          491            0  305373.2323   75438.7129 1510186.0119       0.0000          198           20          274            0  655840.8002  138475.9366 1073690.0773       0.0000          235           23          132            0  923149.2812  200212.6771  613991.8162       0.0000          202           17           84            0  901801.5553  198134.9695  444684.4723       0.0000          164           13           59            0  805313.8684  165213.1834  341410.9176       0.0000          141           15           32            0  743480.4687  147115.2383  195372.2493       0.0000            0            0            0            0       0.0000       0.0000       0.0000       0.0000
                          7200            0            0            0            0       0.0000       0.0000       0.0000       0.0000            0            0            0            0       0.0000       0.0000       0.0000       0.0000            3            1          997            0    3504.2246     756.9618 1271432.3640       0.0000           32            2          746            0   62777.5687   17869.3241 1622429.9565       0.0000          115           19          491            0  305373.3904   75400.1684 1510186.0119       0.0000          198           20          274            0  655841.4612  138428.7920 1073690.0773       0.0000          235           23          132            0  923150.1059  200314.9391  613991.8162       0.0000          202           17           84            0  901802.0080  198072.1573  444684.4723       0.0000          164           13           59            0  805314.2433  165269.4363  341410.9176       0.0000          141           15           32            0  743480.8699  147164.6852  195372.2493       0.0000            0            0            0            0       0.0000       0.0000       0.0000       0.0000
                         10800            0            0            0            0       0.0000       0.0000       0.0000       0.0000            0            0            0            0       0.0000       0.0000       0.0000       0.0000            3            1          997            0    3504.2246     756.9618 1271432.3640       0.0000           11            2          767            0   21637.0222    5757.3445 1675688.6639       0.0000           72           37          534            0  191074.0529   49536.8041 1650360.9258       0.0000          153           27          319            0  509120.4163  109705.9135 1249312.3234       0.0000          189           44          178            0  744020.7614  162522.3095  830959.0315       0.0000          188           28           98            0  838480.0741  185827.6276  520342.5758       0.0000          152           21           71            0  746287.3481  153825.9359  411863.0269       0.0000          131           18           42            0  691139.9013  138701.2262  256392.0387       0.0000            0            0            0            0       0.0000       0.0000       0.0000       0.0000
                         14400            0            0            0            0       0.0000       0.0000       0.0000       0.0000            0            0            0            0       0.0000       0.0000       0.0000       0.0000            3            1          997            0    3504.2246     756.9618 1271432.3640       0.0000           11            2          767            0   21637.0222    5757.3445 1675688.6639       0.0000           72           37          534            0  191074.3045   49564.0943 1650360.9258       0.0000          153           27          319            0  509121.9389  109882.7000 1249312.3234       0.0000          189           44          178            0  744023.1263  162678.4168  830959.0315       0.0000          188           28           98            0  838481.0797  185980.6842  520342.5758       0.0000          152           21           71            0  746288.3088  153914.7933  411863.0269       0.0000          131           18           42            0  691140.8770  139206.8304  256392.0387       0.0000            0            0            0            0       0.0000       0.0000       0.0000       0.0000
                         18000            0            0            0            0       0.0000       0.0000       0.0000       0.0000            0            0            0            0       0.0000       0.0000       0.0000       0.0000            3            1          997            0    3504.2246     756.9618 1271432.3640       0.0000            6            2          772            0   12010.6354    2657.8753 1688429.7949       0.0000           40           39          566            0  106525.3588   27381.9717 1757091.9941       0.0000          116           42          356            0  388859.9255   84109.3958 1395541.5836       0.0000          163           59          204            0  643605.1228  143579.5202  950717.9404       0.0000          163           43          123            0  728188.3200  164255.6097  652597.0684       0.0000          142           37           81            0  697228.7618  146754.6907  468573.8327       0.0000          120           22           53            0  632688.7412  128140.3122  326130.7155       0.0000            0            0            0            0       0.0000       0.0000       0.0000       0.0000
                         21600            0            0            0            0       0.0000       0.0000       0.0000       0.0000            0            0            0            0       0.0000       0.0000       0.0000       0.0000            3            1          997            0    3504.2246     756.9618 1271432.3640       0.0000            6            2          772            0   12011.0933    2714.9675 1688429.7949       0.0000           40           39          566            0  106525.8320   27366.9802 1757091.9941       0.0000          116           42          356            0  388862.8520   84388.8573 1395541.5836       0.0000          163           59          204            0  643606.6269  143746.1420  950717.9404       0.0000          163           43          123            0  728190.5005  164913.2272  652597.0684       0.0000          142           37           81            0  697230.9240  147703.5351  468573.8327       0.0000          120           22           53            0  632689.7216  128651.0903  326130.7155       0.0000            0            0            0            0       0.0000       0.0000       0.0000       0.0000
                         25200            0            0            0            0       0.0000       0.0000       0.0000       0.0000            0            0            0            0       0.0000       0.0000       0.0000       0.0000            3            1          997            0    3504.2246     756.9618 1271432.3640       0.0000            6            2          772            0   12011.0933    2714.9675 1688429.7949       0.0000           40           39          566            0  106528.5700   27550.5035 1757091.9941       0.0000          116           42          356            0  388863.8651   84585.7173 1395541.5836       0.0000          163           59          204            0  643610.4227  144448.9017  950717.9404       0.0000          163           43          123            0  728193.5969  165317.1246  652597.0684       0.0000          142           37           81            0  697231.7670  148118.1986  468573.8327       0.0000          120           22           53            0  632690.1543  128823.0118  326130.7155       0.0000            0            0            0            0       0.0000       0.0000       0.0000       0.0000
                         28800            0            0            0            0       0.0000       0.0000       0.0000       0.0000            0            0            0            0       0.0000       0.0000       0.0000       0.0000            3            1          997            0    3504.2246     756.9618 1271432.3640       0.0000            3            2          775            0    5898.2921    1565.2962 1695692.2675       0.0000           23           40          583            0   61820.3718   14917.2983 1814417.0517       0.0000           80           52          392            0  268833.9201   58680.4720 1541781.3932       0.0000          129          114          238            0  511113.8538  117923.2675 1110025.3460       0.0000          143           76          143            0  639685.2914  148127.4432  758928.5569       0.0000          126           83           97            0  618922.3317  130391.9648  564909.1075       0.0000          107           42           66            0  564368.1371  114960.2179  408513.4941       0.0000            0            0            0            0       0.0000       0.0000       0.0000       0.0000
                         32400            0            0            0            0       0.0000       0.0000       0.0000       0.0000            0            0            0            0       0.0000       0.0000       0.0000       0.0000            3            1          997            0    3504.2246     756.9618 1271432.3640       0.0000            3            2          775            0    5898.2921    1565.2962 1695692.2675       0.0000           23           40          583            0   61820.3718   14900.0159 1814417.0517       0.0000           80           52          392            0  268838.4816   59261.2069 1541781.3932       0.0000          129          114          238            0  511115.6310  118222.1291 1110025.3460       0.0000          143           76          143            0  639689.4412  148661.4026  758928.5569       0.0000          126           83           97            0  618924.5048  131265.3475  564909.1075       0.0000          107           42           66            0  564369.0145  115455.0119  408513.4941       0.0000            0            0            0            0       0.0000       0.0000       0.0000       0.0000
