BioMASSver                             0.22
date                             2014/01/13
hour                               13:37:38
biomass.model.physiology.Planktivore1
Girella-Nigricans             
Chopa-verde                   
longevity                              3904
linf                                68.3000
t0                                  -0.4200
k                                    0.2700
a                                    0.0199
b                                    3.0063
newborn_orgs                            800
pop_deathrate                        0.0007
rep_cycle                               365
age_classes                              11
                         steps       orgs00        hid00     killed00    starved00   leanmass00    fatmass00   killmass00  starvemas00       orgs01        hid01     killed01    starved01   leanmass01    fatmass01   killmass01  starvemas01       orgs02        hid02     killed02    starved02   leanmass02    fatmass02   killmass02  starvemas02       orgs03        hid03     killed03    starved03   leanmass03    fatmass03   killmass03  starvemas03       orgs04        hid04     killed04    starved04   leanmass04    fatmass04   killmass04  starvemas04       orgs05        hid05     killed05    starved05   leanmass05    fatmass05   killmass05  starvemas05       orgs06        hid06     killed06    starved06   leanmass06    fatmass06   killmass06  starvemas06       orgs07        hid07     killed07    starved07   leanmass07    fatmass07   killmass07  starvemas07       orgs08        hid08     killed08    starved08   leanmass08    fatmass08   killmass08  starvemas08       orgs09        hid09     killed09    starved09   leanmass09    fatmass09   killmass09  starvemas09       orgs10        hid10     killed10    starved10   leanmass10    fatmass10   killmass10  starvemas10
                             0            0            0            0            0       0.0000       0.0000       0.0000       0.0000            0            0            0            0       0.0000       0.0000       0.0000       0.0000          800            0            0            0  851921.8658  173049.3082       0.0000       0.0000          623            0            0            0 1132246.6009  227035.8327       0.0000       0.0000          485            0            0            0 1253063.3110  260046.5497       0.0000       0.0000          377            0            0            0 1244695.1150  260661.4499       0.0000       0.0000          294            0            0            0 1156952.9499  240475.6979       0.0000       0.0000          229            0            0            0 1022093.8921  205243.9319       0.0000       0.0000          178            0            0            0  872246.3375  182652.9813       0.0000       0.0000          139            0            0            0  729020.7438  137577.4541       0.0000       0.0000            0            0            0            0       0.0000       0.0000       0.0000       0.0000
                          3600            0            0            0            0       0.0000       0.0000       0.0000       0.0000            0            0            0            0       0.0000       0.0000       0.0000       0.0000          625           40          175            0  672536.1171  138505.7388  213950.0617       0.0000          549           38           74            0  999505.1961  203976.5457  155846.4855       0.0000          451           28           34            0 1166447.5362  242787.3853  103944.4453       0.0000          364           17           13            0 1202616.1495  253751.0549   49141.5438       0.0000          284           20           10            0 1117547.8795  233361.2304   46770.7892       0.0000          227            8            2            0 1013264.3648  203487.0576   10620.2346       0.0000          178            4            0            0  872246.4063  182735.5621       0.0000       0.0000          139            5            0            0  729020.8858  137726.4975       0.0000       0.0000            0            0            0            0       0.0000       0.0000       0.0000       0.0000
                          7200            0            0            0            0       0.0000       0.0000       0.0000       0.0000            0            0            0            0       0.0000       0.0000       0.0000       0.0000          625           40          175            0  672539.7524  138565.0435  213950.0617       0.0000          549           38           74            0  999508.9142  204061.0531  155846.4855       0.0000          451           28           34            0 1166451.4670  242997.8967  103944.4453       0.0000          364           17           13            0 1202618.1341  253946.6843   49141.5438       0.0000          284           20           10            0 1117549.2793  233538.1041   46770.7892       0.0000          227            8            2            0 1013264.8715  203652.2346   10620.2346       0.0000          178            4            0            0  872247.0010  183064.2396       0.0000       0.0000          139            5            0            0  729021.1534  137838.0560       0.0000       0.0000            0            0            0            0       0.0000       0.0000       0.0000       0.0000
                         10800            0            0            0            0       0.0000       0.0000       0.0000       0.0000            0            0            0            0       0.0000       0.0000       0.0000       0.0000          599           95          201            0  643540.5106  132817.8254  248796.1615       0.0000          542           97           81            0  986977.3485  201978.4308  170745.9089       0.0000          450           71           35            0 1164116.2385  243002.7405  106646.6206       0.0000          363           47           14            0 1199285.4692  253675.2549   53611.4771       0.0000          283           47           11            0 1113780.7550  233687.1965   50663.2897       0.0000          227           25            2            0 1013265.9912  203961.8279   10620.2346       0.0000          178           19            0            0  872247.7805  183276.2075       0.0000       0.0000          139           15            0            0  729021.5935  138130.5181       0.0000       0.0000            0            0            0            0       0.0000       0.0000       0.0000       0.0000
                         14400            0            0            0            0       0.0000       0.0000       0.0000       0.0000            0            0            0            0       0.0000       0.0000       0.0000       0.0000          599           95          201            0  643546.5157  132951.3353  248796.1615       0.0000          542           97           81            0  986984.5240  202491.3509  170745.9089       0.0000          450           71           35            0 1164122.1700  243377.2432  106646.6206       0.0000          363           47           14            0 1199289.7992  254438.7888   53611.4771       0.0000          283           47           11            0 1113782.9865  234144.6303   50663.2897       0.0000          227           25            2            0 1013267.5280  204336.9104   10620.2346       0.0000          178           19            0            0  872248.9138  184363.8165       0.0000       0.0000          139           15            0            0  729022.1899  138993.6569       0.0000       0.0000            0            0            0            0       0.0000       0.0000       0.0000       0.0000
                         18000            0            0            0            0       0.0000       0.0000       0.0000       0.0000            0            0            0            0       0.0000       0.0000       0.0000       0.0000          582          221          218            0  624853.9094  129262.2641  271408.7966       0.0000          537          211           86            0  979282.5118  201807.1004  179809.4208       0.0000          449          184           36            0 1161297.0197  243025.5763  110534.1824       0.0000          363          149           14            0 1199296.1425  255324.1751   53611.4771       0.0000          281          131           13            0 1105569.0861  232879.9760   60485.9364       0.0000          227           96            2            0 1013269.6987  204702.7272   10620.2346       0.0000          178           92            0            0  872250.5431  185410.3941       0.0000       0.0000          139           56            0            0  729022.8944  139419.0943       0.0000       0.0000            0            0            0            0       0.0000       0.0000       0.0000       0.0000
                         21600            0            0            0            0       0.0000       0.0000       0.0000       0.0000            0            0            0            0       0.0000       0.0000       0.0000       0.0000          582          221          218            0  624861.3691  129583.2845  271408.7966       0.0000          537          211           86            0  979295.7125  202926.4854  179809.4208       0.0000          449          184           36            0 1161305.1304  244004.2955  110534.1824       0.0000          363          149           14            0 1199305.5166  257812.6550   53611.4771       0.0000          281          131           13            0 1105570.9591  233469.2908   60485.9364       0.0000          227           96            2            0 1013272.9607  206262.0819   10620.2346       0.0000          178           92            0            0  872251.9403  185844.5198       0.0000       0.0000          139           56            0            0  729023.9358  140301.1886       0.0000       0.0000            0            0            0            0       0.0000       0.0000       0.0000       0.0000
                         25200            0            0            0            0       0.0000       0.0000       0.0000       0.0000            0            0            0            0       0.0000       0.0000       0.0000       0.0000          582          221          218            0  624872.2417  129872.7398  271408.7966       0.0000          537          211           86            0  979308.5213  203758.5167  179809.4208       0.0000          449          184           36            0 1161316.1808  245515.7738  110534.1824       0.0000          363          149           14            0 1199312.2045  259230.5417   53611.4771       0.0000          281          131           13            0 1105573.1320  234155.9572   60485.9364       0.0000          227           96            2            0 1013275.1387  207145.3409   10620.2346       0.0000          178           92            0            0  872253.8902  186847.2003       0.0000       0.0000          139           56            0            0  729025.0682  140762.6861       0.0000       0.0000            0            0            0            0       0.0000       0.0000       0.0000       0.0000
                         28800            0            0            0            0       0.0000       0.0000       0.0000       0.0000            0            0            0            0       0.0000       0.0000       0.0000       0.0000          573          349          227            0  615981.5697  129186.0680  281665.1727       0.0000          536          357           87            0  977195.3184  204437.7901  182526.5929       0.0000          448          365           37            0 1158607.0416  246275.3127  113570.2423       0.0000          363          279           14            0 1199321.5778  261276.0513   53611.4771       0.0000          280          243           14            0 1101577.8226  235044.2296   65838.6822       0.0000          227          183            2            0 1013277.7308  208135.8059   10620.2346       0.0000          178          147            0            0  872255.6044  187774.8237       0.0000       0.0000          139          106            0            0  729026.9981  142173.9764       0.0000       0.0000            0            0            0            0       0.0000       0.0000       0.0000       0.0000
                         32400            0            0            0            0       0.0000       0.0000       0.0000       0.0000            0            0            0            0       0.0000       0.0000       0.0000       0.0000          573          349          227            0  615995.8867  129971.4487  281665.1727       0.0000          536          357           87            0  977208.0121  205617.0499  182526.5929       0.0000          448          365           37            0 1158620.0822  248160.4328  113570.2423       0.0000          363          279           14            0 1199328.7896  262867.0553   53611.4771       0.0000          280          243           14            0 1101582.8245  236285.8756   65838.6822       0.0000          227          183            2            0 1013281.5602  209746.5690   10620.2346       0.0000          178          147            0            0  872259.0830  189796.6329       0.0000       0.0000          139          106            0            0  729028.4778  143429.3810       0.0000       0.0000            0            0            0            0       0.0000       0.0000       0.0000       0.0000
                         36000            0            0            0            0       0.0000       0.0000       0.0000       0.0000            0            0            0            0       0.0000       0.0000       0.0000       0.0000          557          524          243            0  600410.8709  127749.3584  300209.4223       0.0000          532          518           91            0  969874.7862  204949.0459  192247.7316       0.0000          446          481           39            0 1153734.2254  249321.0939  119077.0346       0.0000          363          388           14            0 1199339.2058  264915.3803   53611.4771       0.0000          280          319           14            0 1101588.5880  237782.3440   65838.6822       0.0000          227          253            2            0 1013286.2830  211463.9663   10620.2346       0.0000          178          195            0            0  872263.3724  191979.8937       0.0000       0.0000          139          155            0            0  729031.4229  145368.1655       0.0000       0.0000            0            0            0            0       0.0000       0.0000       0.0000       0.0000
                         39600            0            0            0            0       0.0000       0.0000       0.0000       0.0000            0            0            0            0       0.0000       0.0000       0.0000       0.0000          557          524          243            0  600431.3900  128798.1216  300209.4223       0.0000          532          518           91            0  969897.8317  206829.0187  192247.7316       0.0000          446          481           39            0 1153753.1357  251784.1383  119077.0346       0.0000          363          388           14            0 1199342.4398  265387.8924   53611.4771       0.0000          280          319           14            0 1101601.7988  241121.2966   65838.6822       0.0000          227          253            2            0 1013293.9954  214156.7049   10620.2346       0.0000          178          195            0            0  872266.2495  193317.7974       0.0000       0.0000          139          155            0            0  729032.5845  146144.9522       0.0000       0.0000            0            0            0            0       0.0000       0.0000       0.0000       0.0000
                         43200            0            0            0            0       0.0000       0.0000       0.0000       0.0000            0            0            0            0       0.0000       0.0000       0.0000       0.0000          557          524          243            0  600458.7116  130070.2024  300209.4223       0.0000          532          518           91            0  969921.2277  208606.9363  192247.7316       0.0000          446          481           39            0 1153768.8894  253650.9258  119077.0346       0.0000          363          388           14            0 1199360.1845  268310.3759   53611.4771       0.0000          280          319           14            0 1101612.4855  243665.0535   65838.6822       0.0000          227          253            2            0 1013306.8044  218208.5246   10620.2346       0.0000          178          195            0            0  872269.4044  194659.9362       0.0000       0.0000          139          155            0            0  729033.8757  146872.0750       0.0000       0.0000            0            0            0            0       0.0000       0.0000       0.0000       0.0000
                         46800            0            0            0            0       0.0000       0.0000       0.0000       0.0000            0            0            0            0       0.0000       0.0000       0.0000       0.0000          529          654          271            0  570305.1356  125461.9419  336359.3007       0.0000          524          661           99            0  954222.0639  205724.8537  212124.2489       0.0000          442          599           43            0 1143482.5620  253022.6663  131925.2816       0.0000          361          482           16            0 1192528.7780  269257.4470   62387.7649       0.0000          279          373           15            0 1097832.6560  244512.8633   70446.1269       0.0000          227          292            2            0 1013310.2085  219246.6996   10620.2346       0.0000          178          224            0            0  872273.8460  196481.2983       0.0000       0.0000          139          181            0            0  729035.9935  148126.2986       0.0000       0.0000            0            0            0            0       0.0000       0.0000       0.0000       0.0000
                         50400            0            0            0            0       0.0000       0.0000       0.0000       0.0000            0            0            0            0       0.0000       0.0000       0.0000       0.0000          529          654          271            0  570331.6725  126642.1949  336359.3007       0.0000          524          661           99            0  954253.2546  207835.5253  212124.2489       0.0000          442          599           43            0 1143502.1816  254977.8194  131925.2816       0.0000          361          482           16            0 1192543.2478  271426.8020   62387.7649       0.0000          279          373           15            0 1097842.6094  246524.5804   70446.1269       0.0000          227          292            2            0 1013321.6800  222390.3683   10620.2346       0.0000          178          224            0            0  872278.1516  198046.5024       0.0000       0.0000          139          181            0            0  729043.3967  151920.0756       0.0000       0.0000            0            0            0            0       0.0000       0.0000       0.0000       0.0000
                         54000            0            0            0            0       0.0000       0.0000       0.0000       0.0000            0            0            0            0       0.0000       0.0000       0.0000       0.0000          500          794          300            0  539796.3348  122490.2685  372849.7919       0.0000          509          763          114            0  926896.5692  203735.0345  245300.7523       0.0000          441          674           44            0 1140596.5386  257531.6393  134950.4745       0.0000          356          532           21            0 1176625.4548  270223.7960   81747.6673       0.0000          279          430           15            0 1097858.0822  249407.7967   70446.1269       0.0000          227          336            2            0 1013326.3562  223665.8060   10620.2346       0.0000          178          257            0            0  872285.9472  200788.6555       0.0000       0.0000          139          200            0            0  729046.5884  153333.5687       0.0000       0.0000            0            0            0            0       0.0000       0.0000       0.0000       0.0000
                         57600            0            0            0            0       0.0000       0.0000       0.0000       0.0000            0            0            0            0       0.0000       0.0000       0.0000       0.0000          500          794          300            0  539815.8133  123190.7050  372849.7919       0.0000          509          763          114            0  926922.7327  205328.1538  245300.7523       0.0000          441          674           44            0 1140631.0343  260682.0628  134950.4745       0.0000          356          532           21            0 1176641.2280  272165.0181   81747.6673       0.0000          279          430           15            0 1097876.4001  252756.0730   70446.1269       0.0000          227          336            2            0 1013335.7862  225940.8129   10620.2346       0.0000          178          257            0            0  872294.5625  203548.4379       0.0000       0.0000          139          200            0            0  729049.4392  154583.6943       0.0000       0.0000            0            0            0            0       0.0000       0.0000       0.0000       0.0000
                         61200            0            0            0            0       0.0000       0.0000       0.0000       0.0000            0            0            0            0       0.0000       0.0000       0.0000       0.0000          489          856          311            0  526701.4351  120044.1575  390055.9327       0.0000          496          837          127            0  903295.9179  200493.6005  275312.0470       0.0000          436          739           49            0 1127538.7612  259351.0468  152074.1024       0.0000          354          578           23            0 1170199.2323  273198.3879   89551.3402       0.0000          277          473           17            0 1090606.5121  252283.6841   79851.2073       0.0000          226          368            3            0 1008803.3014  226099.7751   16313.3156       0.0000          178          290            0            0  872299.1510  204916.4685       0.0000       0.0000          139          225            0            0  729055.0144  156767.5606       0.0000       0.0000            0            0            0            0       0.0000       0.0000       0.0000       0.0000
                         64800            0            0            0            0       0.0000       0.0000       0.0000       0.0000            0            0            0            0       0.0000       0.0000       0.0000       0.0000          489          856          311            0  526742.5524  121514.8165  390055.9327       0.0000          496          837          127            0  903329.9963  202391.3672  275312.0470       0.0000          436          739           49            0 1127553.6168  260606.2386  152074.1024       0.0000          354          578           23            0 1170214.2738  274870.6677   89551.3402       0.0000          277          473           17            0 1090612.2838  253200.7918   79851.2073       0.0000          226          368            3            0 1008811.7208  227853.7147   16313.3156       0.0000          178          290            0            0  872301.5582  205620.9354       0.0000       0.0000          139          225            0            0  729058.1138  158015.6987       0.0000       0.0000            0            0            0            0       0.0000       0.0000       0.0000       0.0000
                         68400            0            0            0            0       0.0000       0.0000       0.0000       0.0000            0            0            0            0       0.0000       0.0000       0.0000       0.0000          489          856          311            0  526773.5527  122636.4708  390055.9327       0.0000          496          837          127            0  903352.8114  203578.5809  275312.0470       0.0000          436          739           49            0 1127582.2085  262750.0091  152074.1024       0.0000          354          578           23            0 1170240.2992  277497.9685   89551.3402       0.0000          277          473           17            0 1090628.2856  255601.9762   79851.2073       0.0000          226          368            3            0 1008823.0586  230193.9549   16313.3156       0.0000          178          290            0            0  872308.1693  207282.3283       0.0000       0.0000          139          225            0            0  729062.1456  159546.4837       0.0000       0.0000            0            0            0            0       0.0000       0.0000       0.0000       0.0000
                         72000            0            0            0            0       0.0000       0.0000       0.0000       0.0000            0            0            0            0       0.0000       0.0000       0.0000       0.0000          476          925          324            0  513836.3195  121278.6686  405507.7041       0.0000          491          901          132            0  894505.1144  202957.7130  286186.7029       0.0000          435          803           50            0 1124959.2181  264441.3994  155444.8035       0.0000          353          624           24            0 1166639.9354  279068.6717   94252.3177       0.0000          277          507           17            0 1090635.9598  256744.3542   79851.2073       0.0000          226          392            3            0 1008837.9421  233139.9601   16313.3156       0.0000          178          314            0            0  872314.3729  208881.5951       0.0000       0.0000          139          246            0            0  729062.8920  159812.1713       0.0000       0.0000            0            0            0            0       0.0000       0.0000       0.0000       0.0000
                         75600            0            0            0            0       0.0000       0.0000       0.0000       0.0000            0            0            0            0       0.0000       0.0000       0.0000       0.0000          476          925          324            0  513873.3256  122328.2838  405507.7041       0.0000          491          901          132            0  894537.7045  204514.9676  286186.7029       0.0000          435          803           50            0 1125000.0351  267144.2900  155444.8035       0.0000          353          624           24            0 1166663.5850  281435.1073   94252.3177       0.0000          277          507           17            0 1090657.5968  259724.3092   79851.2073       0.0000          226          392            3            0 1008847.0050  234906.7409   16313.3156       0.0000          178          314            0            0  872320.8219  210472.9572       0.0000       0.0000          139          246            0            0  729065.0646  160557.5920       0.0000       0.0000            0            0            0            0       0.0000       0.0000       0.0000       0.0000
                         79200            0            0            0            0       0.0000       0.0000       0.0000       0.0000            0            0            0            0       0.0000       0.0000       0.0000       0.0000          464          985          336            0  500510.5292  120610.1152  421270.8511       0.0000          484          959          139            0  881823.7192  203800.8018  301302.8377       0.0000          431          854           54            0 1115344.1735  266760.8380  167740.1853       0.0000          353          666           24            0 1166688.3239  283843.4902   94252.3177       0.0000          277          540           17            0 1090680.5932  262673.8180   79851.2073       0.0000          226          426            3            0 1008859.0510  237043.0323   16313.3156       0.0000          178          338            0            0  872328.2231  212349.4304       0.0000       0.0000          139          270            0            0  729073.7067  163285.6487       0.0000       0.0000            0            0            0            0       0.0000       0.0000       0.0000       0.0000
                         82800            0            0            0            0       0.0000       0.0000       0.0000       0.0000            0            0            0            0       0.0000       0.0000       0.0000       0.0000          464          985          336            0  500552.2782  121742.9669  421270.8511       0.0000          484          959          139            0  881875.5148  206027.8691  301302.8377       0.0000          431          854           54            0 1115369.1002  268342.5597  167740.1853       0.0000          353          666           24            0 1166714.0702  286209.7535   94252.3177       0.0000          277          540           17            0 1090704.3284  265669.9810   79851.2073       0.0000          226          426            3            0 1008865.3449  238113.4116   16313.3156       0.0000          178          338            0            0  872335.2756  213924.0991       0.0000       0.0000          139          270            0            0  729076.9986  164334.4360       0.0000       0.0000            0            0            0            0       0.0000       0.0000       0.0000       0.0000
                         86400            0            0            0            0       0.0000       0.0000       0.0000       0.0000            0            0            0            0       0.0000       0.0000       0.0000       0.0000          464          985          336            0  500586.4989  122634.6593  421270.8511       0.0000          484          959          139            0  881921.3871  207956.2304  301302.8377       0.0000          431          854           54            0 1115397.2037  270120.7317  167740.1853       0.0000          353          666           24            0 1166734.1536  287933.7062   94252.3177       0.0000          277          540           17            0 1090722.8501  267830.4229   79851.2073       0.0000          226          426            3            0 1008882.3570  240880.7131   16313.3156       0.0000          178          338            0            0  872345.0906  215944.5418       0.0000       0.0000          139          270            0            0  729081.0306  165555.1862       0.0000       0.0000            0            0            0            0       0.0000       0.0000       0.0000       0.0000
                         90000            0            0            0            0       0.0000       0.0000       0.0000       0.0000            0            0            0            0       0.0000       0.0000       0.0000       0.0000          458         1037          349            0  489905.2433  120675.7437  439781.4282       0.0000          479         1010          145            0  872035.7523  207098.8350  315340.1107       0.0000          423          910           62            0 1094999.1333  268178.0512  192139.3057       0.0000          350          727           27            0 1157142.1207  288178.1272  105663.9638       0.0000          275          592           18            0 1082683.0271  268410.3342   84643.3113       0.0000          227          457            3            0 1013107.5614  244459.5466   16313.3156       0.0000          178          367            0            0  872349.3208  216875.2798       0.0000       0.0000          139          282            0            0  729088.0759  167552.2359       0.0000       0.0000            0            0            0            0       0.0000       0.0000       0.0000       0.0000
                         93600            0            0            0            0       0.0000       0.0000       0.0000       0.0000            0            0            0            0       0.0000       0.0000       0.0000       0.0000          482         1037          349            0  507154.7341  126072.0293  439781.4282       0.0000          478         1010          145            0  869897.5768  209065.7643  315340.1107       0.0000          424          910           62            0 1097259.4130  272232.8531  192139.3057       0.0000          350          727           27            0 1157175.9383  290929.3715  105663.9638       0.0000          275          592           18            0 1082704.9445  270927.8569   84643.3113       0.0000          227          457            3            0 1013115.5566  245691.7557   16313.3156       0.0000          178          367            0            0  872359.1027  218927.4185       0.0000       0.0000          139          282            0            0  729092.3431  168770.0055       0.0000       0.0000            0            0            0            0       0.0000       0.0000       0.0000       0.0000
                         97200            0            0            0            0       0.0000       0.0000       0.0000       0.0000            0            0            0            0       0.0000       0.0000       0.0000       0.0000          480         1085          367            0  501687.4202  125233.6272  460293.7905       0.0000          465         1077          158            0  847366.7954  205578.4354  343516.7295       0.0000          418          968           68            0 1081390.4678  269784.1553  212658.1278       0.0000          349          780           28            0 1153866.6400  293051.9382  109627.0928       0.0000          273          625           20            0 1075071.3310  270534.4636   94356.7948       0.0000          227          476            3            0 1013125.8954  247422.6630   16313.3156       0.0000          178          386            0            0  872366.2922  220549.8745       0.0000       0.0000          139          294            0            0  729096.7125  170027.7921       0.0000       0.0000            0            0            0            0       0.0000       0.0000       0.0000       0.0000
                        100800            0            0            0            0       0.0000       0.0000       0.0000       0.0000            0            0            0            0       0.0000       0.0000       0.0000       0.0000          488         1085          367            0  507453.6284  127537.5224  460293.7905       0.0000          465         1077          158            0  847414.0808  207535.1380  343516.7295       0.0000          418          968           68            0 1081431.5730  272230.2829  212658.1278       0.0000          349          780           28            0 1153896.5287  295490.4358  109627.0928       0.0000          273          625           20            0 1075086.0450  272146.2565   94356.7948       0.0000          227          476            3            0 1013136.6575  249074.5637   16313.3156       0.0000          178          386            0            0  872373.7104  222154.0367       0.0000       0.0000          139          294            0            0  729100.8010  171250.5282       0.0000       0.0000            0            0            0            0       0.0000       0.0000       0.0000       0.0000
                        104400            0            0            0            0       0.0000       0.0000       0.0000       0.0000            0            0            0            0       0.0000       0.0000       0.0000       0.0000          505         1136          382            0  514203.3669  128971.5330  480652.6854       0.0000          458         1132          165            0  834643.6944  207399.1110  359041.7503       0.0000          415         1019           71            0 1073366.5963  272343.9511  222672.2683       0.0000          346          841           30            0 1143289.4914  294705.7988  119295.4402       0.0000          273          658           21            0 1074569.2419  273848.8459   99579.8433       0.0000          227          497            3            0 1013148.3733  250972.7842   16313.3156       0.0000          177          400            1            0  867590.7857  222776.5834    5970.4058       0.0000          139          312            0            0  729104.4063  172251.4359       0.0000       0.0000            0            0            0            0       0.0000       0.0000       0.0000       0.0000
                        108000            0            0            0            0       0.0000       0.0000       0.0000       0.0000            0            0            0            0       0.0000       0.0000       0.0000       0.0000          529         1136          382            0  531424.9709  133236.5776  480652.6854       0.0000          458         1132          165            0  834706.4650  209917.0714  359041.7503       0.0000          415         1019           71            0 1073401.4874  274460.6960  222672.2683       0.0000          346          841           30            0 1143330.2437  298074.3005  119295.4402       0.0000          273          658           21            0 1074577.1408  274780.4520   99579.8433       0.0000          227          497            3            0 1013162.8258  253318.6762   16313.3156       0.0000          177          400            1            0  867597.0099  224212.0770    5970.4058       0.0000          139          312            0            0  729108.9795  173442.6981       0.0000       0.0000            0            0            0            0       0.0000       0.0000       0.0000       0.0000
                        111600            0            0            0            0       0.0000       0.0000       0.0000       0.0000            0            0            0            0       0.0000       0.0000       0.0000       0.0000          537         1136          382            0  537193.4300  135431.4967  480652.6854       0.0000          458         1132          165            0  834746.9935  211539.1449  359041.7503       0.0000          414         1019           71            0 1070491.5325  276168.6428  222672.2683       0.0000          347          841           30            0 1146303.9063  300559.4188  119295.4402       0.0000          273          658           21            0 1074584.8139  275675.4752   99579.8433       0.0000          227          497            3            0 1013171.0717  254571.0858   16313.3156       0.0000          177          400            1            0  867604.2750  225819.2737    5970.4058       0.0000          139          312            0            0  729113.2348  174688.1842       0.0000       0.0000            0            0            0            0       0.0000       0.0000       0.0000       0.0000
                        115200            0            0            0            0       0.0000       0.0000       0.0000       0.0000            0            0            0            0       0.0000       0.0000       0.0000       0.0000          542         1201          385            0  539384.5005  136615.5661  485150.2836       0.0000          454         1201          169            0  827549.8393  211387.2621  367997.7603       0.0000          414         1073           71            0 1070514.2802  277500.6569  222672.2683       0.0000          346          885           31            0 1143096.9986  302127.6045  123346.4961       0.0000          273          695           21            0 1074607.3913  278224.1203   99579.8433       0.0000          227          540            3            0 1013179.2897  255764.9172   16313.3156       0.0000          177          429            1            0  867609.6524  226959.5301    5970.4058       0.0000          139          335            0            0  729119.5099  176371.7174       0.0000       0.0000            0            0            0            0       0.0000       0.0000       0.0000       0.0000
                        118800            0            0            0            0       0.0000       0.0000       0.0000       0.0000            0            0            0            0       0.0000       0.0000       0.0000       0.0000          558         1201          385            0  550881.6580  139317.8568  485150.2836       0.0000          454         1201          169            0  827581.7039  212645.3899  367997.7603       0.0000          414         1073           71            0 1070549.2832  279487.4596  222672.2683       0.0000          346          885           31            0 1143117.4131  303817.0227  123346.4961       0.0000          273          695           21            0 1074621.6352  279888.3245   99579.8433       0.0000          226          540            3            0 1008493.0590  255900.1492   16313.3156       0.0000          178          429            1            0  872316.3352  230482.5491    5970.4058       0.0000          139          335            0            0  729123.6944  177633.0548       0.0000       0.0000            0            0            0            0       0.0000       0.0000       0.0000       0.0000
                        122400            0            0            0            0       0.0000       0.0000       0.0000       0.0000            0            0            0            0       0.0000       0.0000       0.0000       0.0000          581         1240          394            0  565267.3994  143264.4108  495714.8423       0.0000          450         1268          173            0  820287.1718  212634.3556  377185.3035       0.0000          411         1118           74            0 1062393.9108  279648.7766  232544.7705       0.0000          346          922           31            0 1143141.7571  305791.8721  123346.4961       0.0000          273          717           21            0 1074636.1248  281519.8725   99579.8433       0.0000          225          580            4            0 1003972.4784  256902.8237   21656.8420       0.0000          178          448            1            0  872327.2044  232765.0857    5970.4058       0.0000          139          367            0            0  729131.3471  179888.5067       0.0000       0.0000            0            0            0            0       0.0000       0.0000       0.0000       0.0000
                        126000            0            0            0            0       0.0000       0.0000       0.0000       0.0000            0            0            0            0       0.0000       0.0000       0.0000       0.0000          597         1240          394            0  576766.2452  146753.9383  495714.8423       0.0000          450         1268          173            0  820333.9130  214444.6861  377185.3035       0.0000          411         1118           74            0 1062435.0573  282036.9890  232544.7705       0.0000          346          922           31            0 1143147.2695  306248.4879  123346.4961       0.0000          273          717           21            0 1074664.9100  284855.6304   99579.8433       0.0000          225          580            4            0 1003990.1262  259535.6287   21656.8420       0.0000          178          448            1            0  872333.8907  234122.2672    5970.4058       0.0000          139          367            0            0  729133.9805  180640.7852       0.0000       0.0000            0            0            0            0       0.0000       0.0000       0.0000       0.0000
                        129600            0            0            0            0       0.0000       0.0000       0.0000       0.0000            0            0            0            0       0.0000       0.0000       0.0000       0.0000          620         1240          394            0  592582.4438  150479.4893  495714.8423       0.0000          451         1268          173            0  821796.2319  216601.3158  377185.3035       0.0000          411         1118           74            0 1062468.0252  283922.1035  232544.7705       0.0000          346          922           31            0 1143182.5200  309153.5814  123346.4961       0.0000          273          717           21            0 1074687.4263  287412.5441   99579.8433       0.0000          225          580            4            0 1004015.5034  263419.7227   21656.8420       0.0000          178          448            1            0  872340.3710  235455.4978    5970.4058       0.0000          139          367            0            0  729136.6243  181358.7584       0.0000       0.0000            0            0            0            0       0.0000       0.0000       0.0000       0.0000
                        133200            0            0            0            0       0.0000       0.0000       0.0000       0.0000            0            0            0            0       0.0000       0.0000       0.0000       0.0000          638         1302          416            0  602474.3756  153263.6567  518679.8279       0.0000          445         1326          179            0  810670.4353  214913.5452  391264.4138       0.0000          408         1170           77            0 1054376.8236  284272.3205  242158.4142       0.0000          342          970           35            0 1130617.0645  308335.0667  139270.2126       0.0000          270          778           24            0 1063230.1387  286494.8698  113615.5327       0.0000          224          604            5            0  999799.5363  262788.5352   27532.9366       0.0000          178          485            1            0  872349.0215  237245.7552    5970.4058       0.0000          138          381            1            0  723917.6358  181567.2250    6256.6828       0.0000            0            0            0            0       0.0000       0.0000       0.0000       0.0000
                        136800            0            0            0            0       0.0000       0.0000       0.0000       0.0000            0            0            0            0       0.0000       0.0000       0.0000       0.0000          678         1302          416            0  631166.6931  159141.4844  518679.8279       0.0000          445         1326          179            0  810715.0707  216693.1155  391264.4138       0.0000          408         1170           77            0 1054407.9254  285990.8057  242158.4142       0.0000          342          970           35            0 1130642.6633  310569.5772  139270.2126       0.0000          270          778           24            0 1063247.9145  288460.6006  113615.5327       0.0000          224          604            5            0  999819.8095  265844.3784   27532.9366       0.0000          178          485            1            0  872356.5494  238829.0283    5970.4058       0.0000          138          381            1            0  723930.7886  185247.8525    6256.6828       0.0000            0            0            0            0       0.0000       0.0000       0.0000       0.0000
                        140400            0            0            0            0       0.0000       0.0000       0.0000       0.0000            0            0            0            0       0.0000       0.0000       0.0000       0.0000          667         1348          443            0  615522.4023  154329.5780  554295.1495       0.0000          431         1367          193            0  786000.2558  210993.0982  423175.0171       0.0000          406         1220           79            0 1049440.0391  286978.5691  248696.1020       0.0000          340          999           37            0 1124540.4219  311083.7334  146693.9756       0.0000          270          823           24            0 1063271.8339  291118.4921  113615.5327       0.0000          224          641            5            0  999827.4693  267106.6308   27532.9366       0.0000          177          504            2            0  867647.6816  240116.4230   12113.2860       0.0000          137          396            2            0  718619.9042  185740.1491   12518.5834       0.0000            0            0            0            0       0.0000       0.0000       0.0000       0.0000
                        144000            0            0            0            0       0.0000       0.0000       0.0000       0.0000            0            0            0            0       0.0000       0.0000       0.0000       0.0000          691         1348          443            0  632740.5766  158347.1285  554295.1495       0.0000          431         1367          193            0  786036.3516  212393.7133  423175.0171       0.0000          406         1220           79            0 1049491.5276  289966.1994  248696.1020       0.0000          340          999           37            0 1124560.9058  312729.2139  146693.9756       0.0000          270          823           24            0 1063300.0444  294408.1698  113615.5327       0.0000          224          641            5            0  999842.1638  269381.8986   27532.9366       0.0000          177          504            2            0  867660.9401  242777.1030   12113.2860       0.0000          137          396            2            0  718624.2754  186967.8325   12518.5834       0.0000            0            0            0            0       0.0000       0.0000       0.0000       0.0000
                        147600            0            0            0            0       0.0000       0.0000       0.0000       0.0000            0            0            0            0       0.0000       0.0000       0.0000       0.0000          699         1385          459            0  635844.0236  158408.0805  572098.8963       0.0000          425         1403          199            0  774730.5628  210412.7651  437786.1279       0.0000          398         1282           87            0 1028305.4043  285019.0482  277384.3908       0.0000          338         1038           39            0 1118062.5502  312985.0871  155176.5008       0.0000          266          864           28            0 1047887.0942  291150.7951  133763.8898       0.0000          224          663            5            0  999849.8069  270658.5501   27532.9366       0.0000          176          529            3            0  862931.4874  243173.7650   17790.3490       0.0000          136          417            3            0  713395.1384  188279.9215   18609.5711       0.0000            0            0            0            0       0.0000       0.0000       0.0000       0.0000
                        151200            0            0            0            0       0.0000       0.0000       0.0000       0.0000            0            0            0            0       0.0000       0.0000       0.0000       0.0000          707         1385          459            0  641611.9271  160643.2149  572098.8963       0.0000          425         1403          199            0  774766.7644  211845.2637  437786.1279       0.0000          397         1282           87            0 1025374.7306  285862.8055  277384.3908       0.0000          339         1038           39            0 1121034.3134  315050.9437  155176.5008       0.0000          266          864           28            0 1047895.1011  292080.2380  133763.8898       0.0000          224          663            5            0  999859.9157  272291.0540   27532.9366       0.0000          176          529            3            0  862934.7945  243864.6865   17790.3490       0.0000          136          417            3            0  713399.4161  189526.9442   18609.5711       0.0000            0            0            0            0       0.0000       0.0000       0.0000       0.0000
                        154800            0            0            0            0       0.0000       0.0000       0.0000       0.0000            0            0            0            0       0.0000       0.0000       0.0000       0.0000          738         1385          459            0  663151.1421  165023.5913  572098.8963       0.0000          426         1403          199            0  776218.4844  213682.7927  437786.1279       0.0000          397         1282           87            0 1025411.7515  288030.7588  277384.3908       0.0000          339         1038           39            0 1121066.1075  317613.5472  155176.5008       0.0000          266          864           28            0 1047915.8402  294451.6168  133763.8898       0.0000          224          663            5            0  999874.6015  274561.6574   27532.9366       0.0000          176          529            3            0  862943.3237  245664.9733   17790.3490       0.0000          136          417            3            0  713404.6704  191010.7812   18609.5711       0.0000            0            0            0            0       0.0000       0.0000       0.0000       0.0000
                        158400            0            0            0            0       0.0000       0.0000       0.0000       0.0000            0            0            0            0       0.0000       0.0000       0.0000       0.0000          752         1425          469            0  671753.1159  167250.4306  583220.6143       0.0000          422         1433          203            0  768818.4138  212186.3839  447988.1990       0.0000          394         1349           90            0 1017894.8385  288044.4484  287035.6306       0.0000          338         1082           40            0 1117736.0530  319165.3229  159570.0637       0.0000          266          894           28            0 1047925.2038  295590.8007  133763.8898       0.0000          223          687            6            0  995602.9649  276689.4736   32628.5120       0.0000          176          550            3            0  862950.9558  247244.8230   17790.3490       0.0000          136          432            3            0  713405.5706  191190.7591   18609.5711       0.0000            0            0            0            0       0.0000       0.0000       0.0000       0.0000
                        162000            0            0            0            0       0.0000       0.0000       0.0000       0.0000            0            0            0            0       0.0000       0.0000       0.0000       0.0000          784         1425          469            0  694713.2278  172718.6843  583220.6143       0.0000          422         1433          203            0  768850.2964  213473.5528  447988.1990       0.0000          394         1349           90            0 1017930.2058  289996.1257  287035.6306       0.0000          338         1082           40            0 1117763.7054  321493.4345  159570.0637       0.0000          266          894           28            0 1047948.8841  298333.9007  133763.8898       0.0000          223          687            6            0  995613.5992  278409.2937   32628.5120       0.0000          176          550            3            0  862958.5178  248827.4272   17790.3490       0.0000          136          432            3            0  713408.1196  191931.4928   18609.5711       0.0000            0            0            0            0       0.0000       0.0000       0.0000       0.0000
                        165600            0            0            0            0       0.0000       0.0000       0.0000       0.0000            0            0            0            0       0.0000       0.0000       0.0000       0.0000          789         1472          488            0  692459.2028  171917.3382  608017.0579       0.0000          415         1476          210            0  756594.9541  212513.0745  462616.0020       0.0000          391         1393           93            0 1010239.6819  289979.8012  296576.7588       0.0000          338         1127           40            0 1117789.2757  323688.9798  159570.0637       0.0000          266          918           28            0 1047974.5590  301193.9252  133763.8898       0.0000          223          713            6            0  995627.0145  280479.7397   32628.5120       0.0000          176          565            3            0  862966.8119  250683.8202   17790.3490       0.0000          136          447            3            0  713417.7879  194623.5279   18609.5711       0.0000            0            0            0            0       0.0000       0.0000       0.0000       0.0000
                        169200            0            0            0            0       0.0000       0.0000       0.0000       0.0000            0            0            0            0       0.0000       0.0000       0.0000       0.0000          805         1472          488            0  703960.9859  175544.1439  608017.0579       0.0000          415         1476          210            0  756646.0445  214561.8127  462616.0020       0.0000          391         1393           93            0 1010266.4225  291562.2561  296576.7588       0.0000          338         1127           40            0 1117816.7636  326014.2006  159570.0637       0.0000          266          918           28            0 1047998.3249  303940.6623  133763.8898       0.0000          223          713            6            0  995633.6983  281523.3711   32628.5120       0.0000          176          565            3            0  862974.3865  252244.5830   17790.3490       0.0000          136          447            3            0  713421.3074  195619.0680   18609.5711       0.0000            0            0            0            0       0.0000       0.0000       0.0000       0.0000
                        172800            0            0            0            0       0.0000       0.0000       0.0000       0.0000            0            0            0            0       0.0000       0.0000       0.0000       0.0000          837         1472          488            0  726909.1099  180848.3736  608017.0579       0.0000          415         1476          210            0  756680.0758  215927.8186  462616.0020       0.0000          391         1393           93            0 1010290.8518  293073.6231  296576.7588       0.0000          338         1127           40            0 1117835.4004  327573.0441  159570.0637       0.0000          266          918           28            0 1048017.3032  306113.6749  133763.8898       0.0000          223          713            6            0  995651.0755  284232.5473   32628.5120       0.0000          176          565            3            0  862984.3748  254204.2238   17790.3490       0.0000          136          447            3            0  713425.4544  196854.0688   18609.5711       0.0000            0            0            0            0       0.0000       0.0000       0.0000       0.0000
                        176400            0            0            0            0       0.0000       0.0000       0.0000       0.0000            0            0            0            0       0.0000       0.0000       0.0000       0.0000          855         1519          501            1  734491.7208  180729.5180  627284.4562     731.1350          406         1530          219            0  740206.2527  212902.3816  483123.8152       0.0000          387         1439           97            0 1000498.6497  291730.4993  309475.5316       0.0000          335         1172           43            0 1108099.5418  327119.6241  171618.0822       0.0000          265          954           29            0 1044341.8722  307345.5958  138609.4375       0.0000          223          737            6            0  995665.5149  286505.7141   32628.5120       0.0000          176          590            3            0  862988.6025  255110.1492   17790.3490       0.0000          136          458            3            0  713432.4954  198817.5393   18609.5711       0.0000            0            0            0            0       0.0000       0.0000       0.0000       0.0000
                        180000            0            0            0            0       0.0000       0.0000       0.0000       0.0000            0            0            0            0       0.0000       0.0000       0.0000       0.0000          878         1519          501            2  751010.4049  184807.2507  627284.4562    1462.2992          406         1530          219            0  740244.6209  214478.9951  483123.8152       0.0000          387         1439           97            0 1000558.8564  295098.3129  309475.5316       0.0000          335         1172           43            0 1108133.3476  329752.6212  171618.0822       0.0000          265          954           29            0 1044363.7792  309853.2550  138609.4375       0.0000          223          737            6            0  995673.5058  287730.6516   32628.5120       0.0000          176          590            3            0  862997.2347  256956.4155   17790.3490       0.0000          136          458            3            0  713436.7598  200009.5161   18609.5711       0.0000            0            0            0            0       0.0000       0.0000       0.0000       0.0000
                        183600            0            0            0            0       0.0000       0.0000       0.0000       0.0000            0            0            0            0       0.0000       0.0000       0.0000       0.0000          878         1562          516            3  746749.4306  184194.8622  646216.0057    2192.3459          396         1566          229            0  722765.0860  211586.9813  505291.0808       0.0000          382         1492          102            0  987636.1719  292795.7754  326295.3467       0.0000          332         1205           46            0 1097975.8995  330843.3176  183421.7961       0.0000          265          996           29            0 1044376.5411  311315.4986  138609.4375       0.0000          223          765            6            0  995683.8389  289420.9258   32628.5120       0.0000          174          611            4            0  852938.7003  256382.6155   24248.6179       0.0000          137          473            3            0  718532.0258  201896.0231   18609.5711       0.0000            0            0            0            0       0.0000       0.0000       0.0000       0.0000
                        187200            0            0            0            0       0.0000       0.0000       0.0000       0.0000            0            0            0            0       0.0000       0.0000       0.0000       0.0000          910         1562          516            3  769717.4163  190049.3622  646216.0057    2192.3459          396         1566          229            0  722805.6059  213249.5981  505291.0808       0.0000          382         1492          102            0  987675.2827  295050.2950  326295.3467       0.0000          332         1205           46            0 1098003.9720  333076.6890  183421.7961       0.0000          265          996           29            0 1044391.2484  312682.7921  138609.4375       0.0000          223          765            6            0  995694.5953  290985.6912   32628.5120       0.0000          174          611            4            0  852946.1141  257944.6319   24248.6179       0.0000          137          473            3            0  718536.1118  202979.6757   18609.5711       0.0000            0            0            0            0       0.0000       0.0000       0.0000       0.0000
                        190800            0            0            0            0       0.0000       0.0000       0.0000       0.0000            0            0            0            0       0.0000       0.0000       0.0000       0.0000          939         1608          527            3  788909.7236  194093.1867  658178.6880    2192.3459          392         1613          233            0  716068.4769  213875.1381  513686.7719       0.0000          380         1555          104            0  982622.9120  294867.8305  333483.1873       0.0000          328         1264           50            0 1084372.7715  331758.9364  200916.8645       0.0000          264         1030           30            0 1040654.8987  314112.2732  142915.2711       0.0000          223          788            6            0  995706.3047  292843.2085   32628.5120       0.0000          173          628            5            0  847890.3303  258243.4802   30612.2966       0.0000          137          488            3            0  718539.7149  203950.8570   18609.5711       0.0000            0            0            0            0       0.0000       0.0000       0.0000       0.0000
                        194400            0            0            0            0       0.0000       0.0000       0.0000       0.0000            0            0            0            0       0.0000       0.0000       0.0000       0.0000          955         1608          527            3  800396.3251  196863.7524  658178.6880    2192.3459          392         1613          233            0  716119.6177  215899.1729  513686.7719       0.0000          380         1555          104            0  982653.7883  296674.4970  333483.1873       0.0000          328         1264           50            0 1084409.8793  334475.0857  200916.8645       0.0000          264         1030           30            0 1040662.7939  314868.4102  142915.2711       0.0000          223          788            6            0  995719.4808  294885.8897   32628.5120       0.0000          173          628            5            0  847896.5508  259590.0502   30612.2966       0.0000          137          488            3            0  718544.2852  204716.5742   18609.5711       0.0000            0            0            0            0       0.0000       0.0000       0.0000       0.0000
                        198000            0            0            0            0       0.0000       0.0000       0.0000       0.0000            0            0            0            0       0.0000       0.0000       0.0000       0.0000          963         1608          527            3  806150.9277  198129.2847  658178.6880    2192.3459          392         1613          233            0  716158.0205  217392.3571  513686.7719       0.0000          380         1555          104            0  982688.7473  298653.7992  333483.1873       0.0000          328         1264           50            0 1084434.4943  336222.0200  200916.8645       0.0000          264         1030           30            0 1040670.4633  315720.2981  142915.2711       0.0000          223          788            6            0  995727.7223  296123.9044   32628.5120       0.0000          173          628            5            0  847903.8115  260975.9475   30612.2966       0.0000          137          488            3            0  718548.5378  205946.0485   18609.5711       0.0000            0            0            0            0       0.0000       0.0000       0.0000       0.0000
                        201600            0            0            0            0       0.0000       0.0000       0.0000       0.0000            0            0            0            0       0.0000       0.0000       0.0000       0.0000          973         1655          533            3  812037.7656  199057.8065  665852.3066    2192.3459          387         1666          238            0  707463.9527  216091.8823  524709.8425       0.0000          377         1595          107            0  974752.1557  297776.8897  343240.7803       0.0000          327         1304           51            0 1081056.9653  336553.6196  205743.9230       0.0000          264         1055           30            0 1040693.0302  318036.3513  142915.2711       0.0000          222          806            7            0  991337.3735  295777.5478   38560.5000       0.0000          173          649            5            0  847909.1857  261997.0061   30612.2966       0.0000          137          499            3            0  718554.8090  207612.2612   18609.5711       0.0000            0            0            0            0       0.0000       0.0000       0.0000       0.0000
                        205200            0            0            0            0       0.0000       0.0000       0.0000       0.0000            0            0            0            0       0.0000       0.0000       0.0000       0.0000          981         1655          533            3  817795.1919  200684.2737  665852.3066    2192.3459          387         1666          238            0  707491.5715  217164.9573  524709.8425       0.0000          377         1595          107            0  974785.1264  299436.8936  343240.7803       0.0000          327         1304           51            0 1081075.6253  337725.7087  205743.9230       0.0000          264         1055           30            0 1040705.5805  319502.5521  142915.2711       0.0000          222          806            7            0  991345.5119  296855.0355   38560.5000       0.0000          173          649            5            0  847920.1974  263854.0052   30612.2966       0.0000          137          499            3            0  718558.9909  208834.7179   18609.5711       0.0000            0            0            0            0       0.0000       0.0000       0.0000       0.0000
                        208800            0            0            0            0       0.0000       0.0000       0.0000       0.0000            0            0            0            0       0.0000       0.0000       0.0000       0.0000          974         1709          540            3  811453.6632  199509.0563  673881.3042    2192.3459          385         1722          240            0  704083.2280  217549.9407  529257.2847       0.0000          374         1639          110            0  966403.1745  298458.4981  354451.3346       0.0000          323         1339           55            0 1068195.6533  335913.7111  222013.5467       0.0000          264         1089           30            0 1040720.0634  321114.8546  142915.2711       0.0000          222          828            7            0  991356.0536  298156.8927   38560.5000       0.0000          172          665            6            0  842901.1858  264677.7278   36858.3062       0.0000          137          509            3            0  718565.7552  210789.5547   18609.5711       0.0000            0            0            0            0       0.0000       0.0000       0.0000       0.0000
                        212400            0            0            0            0       0.0000       0.0000       0.0000       0.0000            0            0            0            0       0.0000       0.0000       0.0000       0.0000          982         1709          540            3  817212.5026  201429.2479  673881.3042    2192.3459          385         1722          240            0  704125.7476  218896.9167  529257.2847       0.0000          374         1639          110            0  966442.1903  300529.8765  354451.3346       0.0000          323         1339           55            0 1068201.1637  336368.3364  222013.5467       0.0000          264         1089           30            0 1040748.8352  324191.5433  142915.2711       0.0000          222          828            7            0  991373.6920  300285.4457   38560.5000       0.0000          172          665            6            0  842907.8681  266015.5863   36858.3062       0.0000          137          509            3            0  718568.3870  211523.1579   18609.5711       0.0000            0            0            0            0       0.0000       0.0000       0.0000       0.0000
                        216000            0            0            0            0       0.0000       0.0000       0.0000       0.0000            0            0            0            0       0.0000       0.0000       0.0000       0.0000         1014         1709          540            3  840160.0952  206113.3433  673881.3042    2192.3459          385         1722          240            0  704157.5528  219933.5201  529257.2847       0.0000          374         1639          110            0  966468.8722  302033.1296  354451.3346       0.0000          323         1339           55            0 1068232.5221  338748.3719  222013.5467       0.0000          264         1089           30            0 1040769.6108  326361.3243  142915.2711       0.0000          222          828            7            0  991399.0556  303762.4458   38560.5000       0.0000          172          665            6            0  842914.3446  267341.2254   36858.3062       0.0000          137          509            3            0  718571.0291  212014.7729   18609.5711       0.0000            0            0            0            0       0.0000       0.0000       0.0000       0.0000
                        219600            0            0            0            0       0.0000       0.0000       0.0000       0.0000            0            0            0            0       0.0000       0.0000       0.0000       0.0000         1015         1734          563            3  835551.1506  203025.7393  702989.7698    2192.3459          379         1761          246            0  693871.2346  217703.9103  542829.2345       0.0000          368         1676          116            0  951040.0193  298917.7785  374463.4442       0.0000          322         1364           56            0 1065247.9167  340253.4410  225626.9238       0.0000          263         1121           31            0 1036835.6345  326948.0922  147602.5298       0.0000          220          861            9            0  982767.4700  303494.4012   48344.4496       0.0000          172          682            6            0  842922.9900  269091.1671   36858.3062       0.0000          137          526            3            0  718575.1150  212957.1303   18609.5711       0.0000            0            0            0            0       0.0000       0.0000       0.0000       0.0000
                        223200            0            0            0            0       0.0000       0.0000       0.0000       0.0000            0            0            0            0       0.0000       0.0000       0.0000       0.0000         1015         1734          563            3  835576.5960  203345.5750  702989.7698    2192.3459          379         1761          246            0  693907.3673  219092.8407  542829.2345       0.0000          368         1676          116            0  951071.1152  300366.9344  374463.4442       0.0000          322         1364           56            0 1065273.5060  342431.4919  225626.9238       0.0000          263         1121           31            0 1036851.8323  328479.5310  147602.5298       0.0000          219          861            9            0  978089.4483  304020.0484   48344.4496       0.0000          173          682            6            0  847627.3774  272796.6480   36858.3062       0.0000          137          526            3            0  718586.5601  215849.0453   18609.5711       0.0000            0            0            0            0       0.0000       0.0000       0.0000       0.0000
                        226800            0            0            0            0       0.0000       0.0000       0.0000       0.0000            0            0            0            0       0.0000       0.0000       0.0000       0.0000         1030         1760          588            3  841611.2701  203084.3852  731562.5371    2192.3459          371         1796          254            0  678253.2976  214945.7643  563953.2356       0.0000          362         1715          122            0  935826.1576  297099.3327  394734.4994       0.0000          318         1396           60            0 1051420.6883  339885.2765  243604.4896       0.0000          260         1156           33            0 1024994.6668  326015.6335  158414.4879       0.0000          219          895           10            0  977737.0631  305490.4590   53857.8393       0.0000          173          697            6            0  847639.2078  274777.4929   36858.3062       0.0000          137          535            3            0  718591.8503  217172.9527   18609.5711       0.0000            0            0            0            0       0.0000       0.0000       0.0000       0.0000
                        230400            0            0            0            0       0.0000       0.0000       0.0000       0.0000            0            0            0            0       0.0000       0.0000       0.0000       0.0000         1046         1760          588            3  853096.2709  205313.8257  731562.5371    2192.3459          371         1796          254            0  678282.9971  216018.8330  563953.2356       0.0000          362         1715          122            0  935871.4779  299451.4587  394734.4994       0.0000          318         1396           60            0 1051439.2951  341221.1503  243604.4896       0.0000          260         1156           33            0 1025019.6430  328519.6753  158414.4879       0.0000          219          895           10            0  977750.5251  307240.5863   53857.8393       0.0000          173          697            6            0  847652.4585  276947.7067   36858.3062       0.0000          137          535            3            0  718596.2188  218374.4550   18609.5711       0.0000            0            0            0            0       0.0000       0.0000       0.0000       0.0000
                        234000            0            0            0            0       0.0000       0.0000       0.0000       0.0000            0            0            0            0       0.0000       0.0000       0.0000       0.0000         1055         1783          602            4  856502.7078  205312.1019  748712.1739    2921.3156          364         1826          261            0  666055.7298  213232.8578  580012.3979       0.0000          359         1747          125            0  928394.7607  299135.6839  404713.6313       0.0000          316         1433           62            0 1044481.0645  341786.5462  251836.3224       0.0000          257         1189           36            0 1013211.0969  325037.5409  174801.1447       0.0000          217          924           12            0  968608.7770  305598.5095   65900.7498       0.0000          171          730            8            0  838207.0114  274102.1875   50258.4432       0.0000          136          566            4            0  713419.6659  217571.5990   26202.0641       0.0000            0            0            0            0       0.0000       0.0000       0.0000       0.0000
                        237600            0            0            0            0       0.0000       0.0000       0.0000       0.0000            0            0            0            0       0.0000       0.0000       0.0000       0.0000         1063         1783          602            4  862262.6461  207250.0988  748712.1739    2921.3156          364         1826          261            0  666085.5735  214345.1760  580012.3979       0.0000          359         1747          125            0  928413.1219  300234.2246  404713.6313       0.0000          316         1433           62            0 1044503.7808  343463.4052  251836.3224       0.0000          257         1189           36            0 1013219.1001  325846.0769  174801.1447       0.0000          217          924           12            0  968618.8802  306845.1570   65900.7498       0.0000          171          730            8            0  838210.3165  274774.7765   50258.4432       0.0000          136          566            4            0  713423.9409  218790.5531   26202.0641       0.0000            0            0            0            0       0.0000       0.0000       0.0000       0.0000
                        241200            0            0            0            0       0.0000       0.0000       0.0000       0.0000            0            0            0            0       0.0000       0.0000       0.0000       0.0000         1070         1783          602            5  867307.0159  209196.0259  748712.1739    3651.5703          364         1826          261            0  666115.3050  215399.1038  580012.3979       0.0000          359         1747          125            0  928448.1355  301939.6913  404713.6313       0.0000          316         1433           62            0 1044531.7932  345498.3776  251836.3224       0.0000          257         1189           36            0 1013239.8295  328057.8789  174801.1447       0.0000          217          924           12            0  968633.5581  308888.9214   65900.7498       0.0000          171          730            8            0  838218.8406  276356.0104   50258.4432       0.0000          136          566            4            0  713429.1919  220223.2051   26202.0641       0.0000            0            0            0            0       0.0000       0.0000       0.0000       0.0000
                        244800            0            0            0            0       0.0000       0.0000       0.0000       0.0000            0            0            0            0       0.0000       0.0000       0.0000       0.0000         1079         1812          616            6  870016.0203  207923.6312  767072.9517    4380.1989          357         1853          268            0  653786.5230  212141.7024  596723.6971       0.0000          356         1795          128            0  920444.7384  301044.3357  415166.5912       0.0000          315         1465           63            0 1041030.1963  346703.3833  256426.9348       0.0000          256         1213           37            0 1009240.9175  328046.5503  179609.6995       0.0000          216          947           13            0  964243.8226  310450.9339   71394.4266       0.0000          171          746            8            0  838225.5016  277497.4642   50258.4432       0.0000          136          581            4            0  713430.0916  220478.9436   26202.0641       0.0000            0            0            0            0       0.0000       0.0000       0.0000       0.0000
                        248400            0            0            0            0       0.0000       0.0000       0.0000       0.0000            0            0            0            0       0.0000       0.0000       0.0000       0.0000         1111         1812          616            6  892971.4731  213056.2185  767072.9517    4380.1989          356         1853          268            0  651616.1378  212437.2106  596723.6971       0.0000          357         1795          128            0  922671.9109  303106.2570  415166.5912       0.0000          315         1465           63            0 1041052.2600  348545.8453  256426.9348       0.0000          256         1213           37            0 1009264.5867  330750.2855  179609.6995       0.0000          216          947           13            0  964254.4512  312063.6753   71394.4266       0.0000          171          746            8            0  838233.0591  279054.0468   50258.4432       0.0000          136          581            4            0  713432.6389  221036.3040   26202.0641       0.0000            0            0            0            0       0.0000       0.0000       0.0000       0.0000
                        252000            0            0            0            0       0.0000       0.0000       0.0000       0.0000            0            0            0            0       0.0000       0.0000       0.0000       0.0000         1108         1836          635            6  886940.6998  210183.1051  789650.8569    4380.1989          347         1889          277            0  637105.7105  209027.5798  615669.5417       0.0000          355         1830          130            0  918253.5177  302569.8931  421432.9659       0.0000          315         1493           63            0 1041072.0994  350060.4669  256426.9348       0.0000          256         1232           37            0 1009288.5465  333177.3331  179609.6995       0.0000          216          971           13            0  964267.8592  314031.1526   71394.4266       0.0000          171          761            8            0  838240.1634  280423.8524   50258.4432       0.0000          135          596            5            0  708265.9369  222066.1968   32714.5508       0.0000            0            0            0            0       0.0000       0.0000       0.0000       0.0000
                        255600            0            0            0            0       0.0000       0.0000       0.0000       0.0000            0            0            0            0       0.0000       0.0000       0.0000       0.0000         1116         1836          635            6  892708.9179  212153.1940  789650.8569    4380.1989          347         1889          277            0  637152.5772  210616.3255  615669.5417       0.0000          355         1830          130            0  918276.0710  303699.5971  421432.9659       0.0000          315         1493           63            0 1041097.7939  352036.2459  256426.9348       0.0000          256         1232           37            0 1009312.3012  335583.4720  179609.6995       0.0000          216          971           13            0  964274.5394  315062.7215   71394.4266       0.0000          171          761            8            0  838247.7334  281978.6919   50258.4432       0.0000          135          596            5            0  708269.4542  223055.1191   32714.5508       0.0000            0            0            0            0       0.0000       0.0000       0.0000       0.0000
                        259200            0            0            0            0       0.0000       0.0000       0.0000       0.0000            0            0            0            0       0.0000       0.0000       0.0000       0.0000         1140         1836          635            6  909912.8374  215402.0063  789650.8569    4380.1989          347         1889          277            0  637178.0923  211526.0594  615669.5417       0.0000          355         1830          130            0  918300.4947  305026.6518  421432.9659       0.0000          315         1493           63            0 1041116.4241  353486.5578  256426.9348       0.0000          256         1232           37            0 1009331.2706  337580.1543  179609.6995       0.0000          216          971           13            0  964291.9073  317272.6127   71394.4266       0.0000          171          761            8            0  838256.6800  283373.9416   50258.4432       0.0000          135          596            5            0  708273.5986  224270.9990   32714.5508       0.0000            0            0            0            0       0.0000       0.0000       0.0000       0.0000
                        262800            0            0            0            0       0.0000       0.0000       0.0000       0.0000            0            0            0            0       0.0000       0.0000       0.0000       0.0000         1140         1860          641            8  907842.3842  214626.4446  798222.1306    5836.4320          340         1916          284            0  624237.0120  208419.5852  632533.5084       0.0000          349         1862          136            0  902495.8415  301055.3820  442783.4401       0.0000          312         1531           66            0 1031099.4169  352643.9987  268847.3716       0.0000          256         1271           37            0 1009352.2839  339862.3730  179609.6995       0.0000          216          993           13            0  964306.3389  319527.5960   71394.4266       0.0000          171          776            8            0  838260.9052  284089.3737   50258.4432       0.0000          135          608            5            0  708280.6352  226015.3084   32714.5508       0.0000            0            0            0            0       0.0000       0.0000       0.0000       0.0000
                        266400            0            0            0            0       0.0000       0.0000       0.0000       0.0000            0            0            0            0       0.0000       0.0000       0.0000       0.0000         1155         1860          641            9  918628.1735  217443.5386  798222.1306    6566.5801          340         1916          284            0  624264.7294  209555.8912  632533.5084       0.0000          349         1862          136            0  902551.8278  303942.6495  442783.4401       0.0000          312         1531           66            0 1031133.2108  354863.8085  268847.3716       0.0000          256         1271           37            0 1009374.1805  342018.3888  179609.6995       0.0000          216          993           13            0  964314.3254  320746.4410   71394.4266       0.0000          171          776            8            0  838269.5322  285803.1351   50258.4432       0.0000          135          608            5            0  708284.8969  227013.6532   32714.5508       0.0000            0            0            0            0       0.0000       0.0000       0.0000       0.0000
                        270000            0            0            0            0       0.0000       0.0000       0.0000       0.0000            0            0            0            0       0.0000       0.0000       0.0000       0.0000         1177         1884          651            9  930882.0398  219426.4925  811890.2700    6566.5801          330         1945          294            0  605630.8800  206445.9092  655805.8252       0.0000          347         1891          138            0  897018.7595  303530.9585  450024.0648       0.0000          309         1567           69            0 1021925.2311  354569.0844  280673.3787       0.0000          256         1301           37            0 1009386.9365  343367.9502  179609.6995       0.0000          215         1014           14            0  960109.5157  320562.1676   77461.3359       0.0000          169          789           10            0  828394.6187  284605.3790   62684.4347       0.0000          135          628            5            0  708290.2263  228059.5641   32714.5508       0.0000            0            0            0            0       0.0000       0.0000       0.0000       0.0000
                        273600            0            0            0            0       0.0000       0.0000       0.0000       0.0000            0            0            0            0       0.0000       0.0000       0.0000       0.0000         1176         1884          651           10  930196.8671  219960.9443  811890.2700    7296.7298          330         1945          294            0  605667.1271  207625.3111  655805.8252       0.0000          347         1891          138            0  897053.7469  305222.9639  450024.0648       0.0000          309         1567           69            0 1021953.2937  356299.1127  280673.3787       0.0000          256         1301           37            0 1009401.6371  344356.9236  179609.6995       0.0000          215         1014           14            0  960118.9033  321688.5224   77461.3359       0.0000          169          789           10            0  828402.0281  286134.3491   62684.4347       0.0000          135          628            5            0  708294.3096  229022.0808   32714.5508       0.0000            0            0            0            0       0.0000       0.0000       0.0000       0.0000
