BioMASSver                             0.22
date                             2013/12/18
hour                               11:56:05
biomass.model.physiology.Plankton2
Generic                       
Plankton                      
longevity                             36499
linf                                 0.0000
t0                                   0.0000
k                                    0.5000
a                                    0.0000
b                                    0.0000
newborn_orgs                            400
pop_deathrate                        0.0007
rep_cycle                             18250
age_classes                               2
                         steps       orgs00        hid00     killed00    starved00   leanmass00    fatmass00   killmass00  starvemas00       orgs01        hid01     killed01    starved01   leanmass01    fatmass01   killmass01  starvemas01
                             0          400            0            0            0   56967.5468   26808.2573       0.0000       0.0000            0            0            0            0       0.0000       0.0000       0.0000       0.0000
                          3600          400            0            0            0   48206.5880   22685.4532   13323.2762       0.0000            0            0            0            0       0.0000       0.0000       0.0000       0.0000
                          7200          400            0            0            0   48603.4666   22872.2196   13323.2762       0.0000            0            0            0            0       0.0000       0.0000       0.0000       0.0000
                         10800          400            0            0            0   42597.0052   20045.6495   24905.3884       0.0000            0            0            0            0       0.0000       0.0000       0.0000       0.0000
                         14400          400            0            0            0   43105.1868   20284.7938   24905.3884       0.0000            0            0            0            0       0.0000       0.0000       0.0000       0.0000
                         18000          400            0            0            0   38921.7785   18316.1311   35914.0738       0.0000            0            0            0            0       0.0000       0.0000       0.0000       0.0000
                         21600          400            0            0            0   39531.0440   18602.8442   35914.0738       0.0000            0            0            0            0       0.0000       0.0000       0.0000       0.0000
                         25200          400            0            0            0   40060.9643   18852.2185   35914.0738       0.0000            0            0            0            0       0.0000       0.0000       0.0000       0.0000
                         28800          400            0            0            0   36855.6173   17343.8199   46134.8115       0.0000            0            0            0            0       0.0000       0.0000       0.0000       0.0000
                         32400          400            0            0            0   37955.3709   17861.3510   46134.8115       0.0000            0            0            0            0       0.0000       0.0000       0.0000       0.0000
                         36000          400            0            0            0   36868.2308   17349.7557   56475.6123       0.0000            0            0            0            0       0.0000       0.0000       0.0000       0.0000
                         39600          400            0            0            0   37799.6047   17788.0493   56475.6123       0.0000            0            0            0            0       0.0000       0.0000       0.0000       0.0000
                         43200          400            0            0            0   38798.8293   18258.2726   56475.6123       0.0000            0            0            0            0       0.0000       0.0000       0.0000       0.0000
                         46800          400            0            0            0   39418.8917   18550.0667   67668.1501       0.0000            0            0            0            0       0.0000       0.0000       0.0000       0.0000
                         50400          400            0            0            0   41274.8473   19423.4575   67668.1501       0.0000            0            0            0            0       0.0000       0.0000       0.0000       0.0000
                         54000          400            0            0            0   41674.7474   19611.6459   80219.7074       0.0000            0            0            0            0       0.0000       0.0000       0.0000       0.0000
                         57600          400            0            0            0   43722.8573   20575.4623   80219.7074       0.0000            0            0            0            0       0.0000       0.0000       0.0000       0.0000
                         61200          400            0            0            0   45101.5815   21224.2737   94005.9539       0.0000            0            0            0            0       0.0000       0.0000       0.0000       0.0000
                         64800          400            0            0            0   46434.6513   21851.6006   94005.9539       0.0000            0            0            0            0       0.0000       0.0000       0.0000       0.0000
                         68400          400            0            0            0   48527.5741   22836.5055   94005.9539       0.0000            0            0            0            0       0.0000       0.0000       0.0000       0.0000
                         72000          400            0            0            0   50285.6886   23663.8535  108882.2198       0.0000            0            0            0            0       0.0000       0.0000       0.0000       0.0000
                         75600          400            0            0            0   52084.7719   24510.4809  108882.2198       0.0000            0            0            0            0       0.0000       0.0000       0.0000       0.0000
                         79200          400            0            0            0   53695.3418   25268.3962  124258.6769       0.0000            0            0            0            0       0.0000       0.0000       0.0000       0.0000
                         82800          400            0            0            0   55034.3627   25898.5236  124258.6769       0.0000            0            0            0            0       0.0000       0.0000       0.0000       0.0000
                         86400          400            0            0            0   56597.2732   26634.0109  124258.6769       0.0000            0            0            0            0       0.0000       0.0000       0.0000       0.0000
                         90000          400            0            0            0   56967.4584   26808.2157  140538.5198       0.0000            0            0            0            0       0.0000       0.0000       0.0000       0.0000
                         93600          400            0            0            0   56967.5467   26808.2573  140538.5198       0.0000            0            0            0            0       0.0000       0.0000       0.0000       0.0000
                         97200          400            0            0            0   56966.3141   26807.6772  156464.4212       0.0000            0            0            0            0       0.0000       0.0000       0.0000       0.0000
                        100800          400            0            0            0   56967.5457   26808.2568  156464.4212       0.0000            0            0            0            0       0.0000       0.0000       0.0000       0.0000
                        104400          400            0            0            0   56948.2616   26799.1819  172414.6557       0.0000            0            0            0            0       0.0000       0.0000       0.0000       0.0000
                        108000          400            0            0            0   56967.5297   26808.2492  172414.6557       0.0000            0            0            0            0       0.0000       0.0000       0.0000       0.0000
                        111600          400            0            0            0   56967.5468   26808.2573  172414.6557       0.0000            0            0            0            0       0.0000       0.0000       0.0000       0.0000
                        115200          400            0            0            0   56967.3032   26808.1427  189231.6648       0.0000            0            0            0            0       0.0000       0.0000       0.0000       0.0000
                        118800          400            0            0            0   56967.5466   26808.2572  189231.6648       0.0000            0            0            0            0       0.0000       0.0000       0.0000       0.0000
                        122400          400            0            0            0   56963.1562   26806.1912  205338.9604       0.0000            0            0            0            0       0.0000       0.0000       0.0000       0.0000
                        126000          400            0            0            0   56967.5429   26808.2555  205338.9604       0.0000            0            0            0            0       0.0000       0.0000       0.0000       0.0000
                        129600          400            0            0            0   56967.5468   26808.2573  205338.9604       0.0000            0            0            0            0       0.0000       0.0000       0.0000       0.0000
                        133200          400            0            0            0   56967.4974   26808.2341  220828.0219       0.0000            0            0            0            0       0.0000       0.0000       0.0000       0.0000
                        136800          400            0            0            0   56967.5467   26808.2573  220828.0219       0.0000            0            0            0            0       0.0000       0.0000       0.0000       0.0000
                        140400          400            0            0            0   56966.8656   26807.9368  236120.3192       0.0000            0            0            0            0       0.0000       0.0000       0.0000       0.0000
                        144000          400            0            0            0   56967.5462   26808.2571  236120.3192       0.0000            0            0            0            0       0.0000       0.0000       0.0000       0.0000
                        147600          400            0            0            0   56956.0791   26802.8607  252002.5209       0.0000            0            0            0            0       0.0000       0.0000       0.0000       0.0000
                        151200          400            0            0            0   56967.5409   26808.2545  252002.5209       0.0000            0            0            0            0       0.0000       0.0000       0.0000       0.0000
                        154800          400            0            0            0   56967.5468   26808.2573  252002.5209       0.0000            0            0            0            0       0.0000       0.0000       0.0000       0.0000
                        158400          400            0            0            0   56967.5148   26808.2423  267553.1874       0.0000            0            0            0            0       0.0000       0.0000       0.0000       0.0000
                        162000          400            0            0            0   56967.5468   26808.2573  267553.1874       0.0000            0            0            0            0       0.0000       0.0000       0.0000       0.0000
                        165600          400            0            0            0   56966.6408   26807.8310  284497.0384       0.0000            0            0            0            0       0.0000       0.0000       0.0000       0.0000
                        169200          400            0            0            0   56967.5466   26808.2572  284497.0384       0.0000            0            0            0            0       0.0000       0.0000       0.0000       0.0000
                        172800          400            0            0            0   56967.5468   26808.2573  284497.0384       0.0000            0            0            0            0       0.0000       0.0000       0.0000       0.0000
                        176400          400            0            0            0   56967.5467   26808.2573  301384.4795       0.0000            0            0            0            0       0.0000       0.0000       0.0000       0.0000
                        180000          400            0            0            0   56967.5468   26808.2573  301384.4795       0.0000            0            0            0            0       0.0000       0.0000       0.0000       0.0000
                        183600          400            0            0            0   56967.5283   26808.2486  318504.9902       0.0000            0            0            0            0       0.0000       0.0000       0.0000       0.0000
                        187200          400            0            0            0   56967.5468   26808.2573  318504.9902       0.0000            0            0            0            0       0.0000       0.0000       0.0000       0.0000
                        190800          400            0            0            0   56962.7343   26805.9926  334649.7775       0.0000            0            0            0            0       0.0000       0.0000       0.0000       0.0000
                        194400          400            0            0            0   56967.5468   26808.2573  334649.7775       0.0000            0            0            0            0       0.0000       0.0000       0.0000       0.0000
                        198000          400            0            0            0   56967.5468   26808.2573  334649.7775       0.0000            0            0            0            0       0.0000       0.0000       0.0000       0.0000
                        201600          400            0            0            0   56967.5459   26808.2569  350675.3210       0.0000            0            0            0            0       0.0000       0.0000       0.0000       0.0000
                        205200          400            0            0            0   56967.5468   26808.2573  350675.3210       0.0000            0            0            0            0       0.0000       0.0000       0.0000       0.0000
                        208800          400            0            0            0   56967.3280   26808.1544  366287.8298       0.0000            0            0            0            0       0.0000       0.0000       0.0000       0.0000
                        212400          400            0            0            0   56967.5468   26808.2573  366287.8298       0.0000            0            0            0            0       0.0000       0.0000       0.0000       0.0000
                        216000          400            0            0            0   56967.5468   26808.2573  366287.8298       0.0000            0            0            0            0       0.0000       0.0000       0.0000       0.0000
                        219600          400            0            0            0   56967.5467   26808.2573  382093.3163       0.0000            0            0            0            0       0.0000       0.0000       0.0000       0.0000
                        223200          400            0            0            0   56967.5468   26808.2573  382093.3163       0.0000            0            0            0            0       0.0000       0.0000       0.0000       0.0000
                        226800          400            0            0            0   56967.5368   26808.2526  397457.7538       0.0000            0            0            0            0       0.0000       0.0000       0.0000       0.0000
                        230400          400            0            0            0   56967.5468   26808.2573  397457.7538       0.0000            0            0            0            0       0.0000       0.0000       0.0000       0.0000
                        234000          400            0            0            0   56964.0438   26806.6089  413284.7158       0.0000            0            0            0            0       0.0000       0.0000       0.0000       0.0000
                        237600          400            0            0            0   56967.5468   26808.2573  413284.7158       0.0000            0            0            0            0       0.0000       0.0000       0.0000       0.0000
                        241200          400            0            0            0   56967.5468   26808.2573  413284.7158       0.0000            0            0            0            0       0.0000       0.0000       0.0000       0.0000
                        244800          400            0            0            0   56967.5465   26808.2572  430000.6937       0.0000            0            0            0            0       0.0000       0.0000       0.0000       0.0000
                        248400          400            0            0            0   56967.5468   26808.2573  430000.6937       0.0000            0            0            0            0       0.0000       0.0000       0.0000       0.0000
                        252000          400            0            0            0   56967.4867   26808.2290  445977.2573       0.0000            0            0            0            0       0.0000       0.0000       0.0000       0.0000
                        255600          400            0            0            0   56967.5468   26808.2573  445977.2573       0.0000            0            0            0            0       0.0000       0.0000       0.0000       0.0000
                        259200          400            0            0            0   56967.5468   26808.2573  445977.2573       0.0000            0            0            0            0       0.0000       0.0000       0.0000       0.0000
                        262800          400            0            0            0   56967.5468   26808.2573  461622.7324       0.0000            0            0            0            0       0.0000       0.0000       0.0000       0.0000
                        266400          400            0            0            0   56967.5468   26808.2573  461622.7324       0.0000            0            0            0            0       0.0000       0.0000       0.0000       0.0000
                        270000          400            0            0            0   56967.5464   26808.2571  477058.6471       0.0000            0            0            0            0       0.0000       0.0000       0.0000       0.0000
                        273600          400            0            0            0   56967.5468   26808.2573  477058.6471       0.0000            0            0            0            0       0.0000       0.0000       0.0000       0.0000
                        277200          400            0            0            0   56965.7348   26807.4046  492127.2353       0.0000            0            0            0            0       0.0000       0.0000       0.0000       0.0000
                        280800          400            0            0            0   56967.5468   26808.2573  492127.2353       0.0000            0            0            0            0       0.0000       0.0000       0.0000       0.0000
                        284400          400            0            0            0   56967.5468   26808.2573  492127.2353       0.0000            0            0            0            0       0.0000       0.0000       0.0000       0.0000
                        288000          400            0            0            0   56967.5468   26808.2573  507006.8305       0.0000            0            0            0            0       0.0000       0.0000       0.0000       0.0000
                        291600          400            0            0            0   56967.5468   26808.2573  507006.8305       0.0000            0            0            0            0       0.0000       0.0000       0.0000       0.0000
                        295200          400            0            0            0   56967.5200   26808.2447  522735.0834       0.0000            0            0            0            0       0.0000       0.0000       0.0000       0.0000
                        298800          400            0            0            0   56967.5468   26808.2573  522735.0834       0.0000            0            0            0            0       0.0000       0.0000       0.0000       0.0000
                        302400          400            0            0            0   56967.5468   26808.2573  522735.0834       0.0000            0            0            0            0       0.0000       0.0000       0.0000       0.0000
                        306000          400            0            0            0   56967.5468   26808.2573  538763.0522       0.0000            0            0            0            0       0.0000       0.0000       0.0000       0.0000
                        309600          400            0            0            0   56967.5468   26808.2573  538763.0522       0.0000            0            0            0            0       0.0000       0.0000       0.0000       0.0000
                        313200          400            0            0            0   56967.5466   26808.2572  553883.2443       0.0000            0            0            0            0       0.0000       0.0000       0.0000       0.0000
                        316800          400            0            0            0   56967.5468   26808.2573  553883.2443       0.0000            0            0            0            0       0.0000       0.0000       0.0000       0.0000
                        320400          400            0            0            0   56966.2812   26807.6617  568119.5919       0.0000            0            0            0            0       0.0000       0.0000       0.0000       0.0000
                        324000          400            0            0            0   56967.5468   26808.2573  568119.5919       0.0000            0            0            0            0       0.0000       0.0000       0.0000       0.0000
                        327600          400            0            0            0   56967.5468   26808.2573  568119.5919       0.0000            0            0            0            0       0.0000       0.0000       0.0000       0.0000
                        331200          400            0            0            0   56967.5468   26808.2573  583155.6635       0.0000            0            0            0            0       0.0000       0.0000       0.0000       0.0000
                        334800          400            0            0            0   56967.5468   26808.2573  583155.6635       0.0000            0            0            0            0       0.0000       0.0000       0.0000       0.0000
                        338400          400            0            0            0   56967.5415   26808.2548  598868.1949       0.0000            0            0            0            0       0.0000       0.0000       0.0000       0.0000
                        342000          400            0            0            0   56967.5468   26808.2573  598868.1949       0.0000            0            0            0            0       0.0000       0.0000       0.0000       0.0000
                        345600          400            0            0            0   56967.5468   26808.2573  598868.1949       0.0000            0            0            0            0       0.0000       0.0000       0.0000       0.0000
                        349200          400            0            0            0   56967.5468   26808.2573  614323.5989       0.0000            0            0            0            0       0.0000       0.0000       0.0000       0.0000
                        352800          400            0            0            0   56967.5468   26808.2573  614323.5989       0.0000            0            0            0            0       0.0000       0.0000       0.0000       0.0000
                        356400          400            0            0            0   56967.5468   26808.2573  628855.2172       0.0000            0            0            0            0       0.0000       0.0000       0.0000       0.0000
                        360000          400            0            0            0   56967.5468   26808.2573  628855.2172       0.0000            0            0            0            0       0.0000       0.0000       0.0000       0.0000
                        363600          400            0            0            0   56966.6236   26807.8229  643587.0664       0.0000            0            0            0            0       0.0000       0.0000       0.0000       0.0000
                        367200          400            0            0            0   56967.5468   26808.2573  643587.0664       0.0000            0            0            0            0       0.0000       0.0000       0.0000       0.0000
                        370800          400            0            0            0   56967.5468   26808.2573  643587.0664       0.0000            0            0            0            0       0.0000       0.0000       0.0000       0.0000
                        374400          400            0            0            0   56967.5468   26808.2573  658713.0290       0.0000            0            0            0            0       0.0000       0.0000       0.0000       0.0000
                        378000          400            0            0            0   56967.5468   26808.2573  658713.0290       0.0000            0            0            0            0       0.0000       0.0000       0.0000       0.0000
                        381600          400            0            0            0   56967.5441   26808.2561  673610.1341       0.0000            0            0            0            0       0.0000       0.0000       0.0000       0.0000
                        385200          400            0            0            0   56967.5468   26808.2573  673610.1341       0.0000            0            0            0            0       0.0000       0.0000       0.0000       0.0000
                        388800          400            0            0            0   56967.5468   26808.2573  673610.1341       0.0000            0            0            0            0       0.0000       0.0000       0.0000       0.0000
                        392400          400            0            0            0   56967.5468   26808.2573  688879.7262       0.0000            0            0            0            0       0.0000       0.0000       0.0000       0.0000
                        396000          400            0            0            0   56967.5468   26808.2573  688879.7262       0.0000            0            0            0            0       0.0000       0.0000       0.0000       0.0000
                        399600          400            0            0            0   56967.5468   26808.2573  703697.0875       0.0000            0            0            0            0       0.0000       0.0000       0.0000       0.0000
                        403200          400            0            0            0   56967.5468   26808.2573  703697.0875       0.0000            0            0            0            0       0.0000       0.0000       0.0000       0.0000
                        406800          400            0            0            0   56966.9391   26807.9713  719154.8910       0.0000            0            0            0            0       0.0000       0.0000       0.0000       0.0000
                        410400          400            0            0            0   56967.5468   26808.2573  719154.8910       0.0000            0            0            0            0       0.0000       0.0000       0.0000       0.0000
                        414000          400            0            0            0   56967.5468   26808.2573  719154.8910       0.0000            0            0            0            0       0.0000       0.0000       0.0000       0.0000
                        417600          400            0            0            0   56967.5468   26808.2573  734561.5644       0.0000            0            0            0            0       0.0000       0.0000       0.0000       0.0000
                        421200          400            0            0            0   56967.5468   26808.2573  734561.5644       0.0000            0            0            0            0       0.0000       0.0000       0.0000       0.0000
                        424800          400            0            0            0   56967.5461   26808.2570  749144.9322       0.0000            0            0            0            0       0.0000       0.0000       0.0000       0.0000
                        428400          400            0            0            0   56967.5468   26808.2573  749144.9322       0.0000            0            0            0            0       0.0000       0.0000       0.0000       0.0000
                        432000          400            0            0            0   56967.5468   26808.2573  749144.9322       0.0000            0            0            0            0       0.0000       0.0000       0.0000       0.0000
                        435600          400            0            0            0   56967.5468   26808.2573  763515.7931       0.0000            0            0            0            0       0.0000       0.0000       0.0000       0.0000
                        439200          400            0            0            0   56967.5468   26808.2573  763515.7931       0.0000            0            0            0            0       0.0000       0.0000       0.0000       0.0000
                        442800          400            0            0            0   56967.5468   26808.2573  778615.8147       0.0000            0            0            0            0       0.0000       0.0000       0.0000       0.0000
                        446400          400            0            0            0   56967.5468   26808.2573  778615.8147       0.0000            0            0            0            0       0.0000       0.0000       0.0000       0.0000
                        450000          400            0            0            0   56967.1855   26808.0873  793312.6489       0.0000            0            0            0            0       0.0000       0.0000       0.0000       0.0000
                        453600          400            0            0            0   56967.5468   26808.2573  793312.6489       0.0000            0            0            0            0       0.0000       0.0000       0.0000       0.0000
                        457200          400            0            0            0   56967.5468   26808.2573  793312.6489       0.0000            0            0            0            0       0.0000       0.0000       0.0000       0.0000
                        460800          400            0            0            0   56967.5468   26808.2573  806635.7021       0.0000            0            0            0            0       0.0000       0.0000       0.0000       0.0000
                        464400          400            0            0            0   56967.5468   26808.2573  806635.7021       0.0000            0            0            0            0       0.0000       0.0000       0.0000       0.0000
                        468000          400            0            0            0   56967.5465   26808.2572  820423.8965       0.0000            0            0            0            0       0.0000       0.0000       0.0000       0.0000
                        471600          400            0            0            0   56967.5468   26808.2573  820423.8965       0.0000            0            0            0            0       0.0000       0.0000       0.0000       0.0000
                        475200          400            0            0            0   56967.5468   26808.2573  820423.8965       0.0000            0            0            0            0       0.0000       0.0000       0.0000       0.0000
                        478800          400            0            0            0   56967.5468   26808.2573  834328.4934       0.0000            0            0            0            0       0.0000       0.0000       0.0000       0.0000
                        482400          400            0            0            0   56967.5468   26808.2573  834328.4934       0.0000            0            0            0            0       0.0000       0.0000       0.0000       0.0000
                        486000          400            0            0            0   56967.5468   26808.2573  848440.3809       0.0000            0            0            0            0       0.0000       0.0000       0.0000       0.0000
                        489600          400            0            0            0   56967.5468   26808.2573  848440.3809       0.0000            0            0            0            0       0.0000       0.0000       0.0000       0.0000
                        493200          400            0            0            0   56967.2596   26808.1222  862408.2159       0.0000            0            0            0            0       0.0000       0.0000       0.0000       0.0000
                        496800          400            0            0            0   56967.5468   26808.2573  862408.2159       0.0000            0            0            0            0       0.0000       0.0000       0.0000       0.0000
                        500400          400            0            0            0   56967.5468   26808.2573  862408.2159       0.0000            0            0            0            0       0.0000       0.0000       0.0000       0.0000
                        504000          400            0            0            0   56967.5468   26808.2573  876032.5232       0.0000            0            0            0            0       0.0000       0.0000       0.0000       0.0000
                        507600          400            0            0            0   56967.5468   26808.2573  876032.5232       0.0000            0            0            0            0       0.0000       0.0000       0.0000       0.0000
                        511200          400            0            0            0   56967.5467   26808.2573  889590.5843       0.0000            0            0            0            0       0.0000       0.0000       0.0000       0.0000
                        514800          400            0            0            0   56967.5468   26808.2573  889590.5843       0.0000            0            0            0            0       0.0000       0.0000       0.0000       0.0000
                        518400          400            0            0            0   56967.5468   26808.2573  889590.5843       0.0000            0            0            0            0       0.0000       0.0000       0.0000       0.0000
                        522000          400            0            0            0   56967.5468   26808.2573  903848.2722       0.0000            0            0            0            0       0.0000       0.0000       0.0000       0.0000
                        525600          400            0            0            0   56967.5468   26808.2573  903848.2722       0.0000            0            0            0            0       0.0000       0.0000       0.0000       0.0000
                        529200          400            0            0            0   56967.5468   26808.2573  917880.5145       0.0000            0            0            0            0       0.0000       0.0000       0.0000       0.0000
                        532800          400            0            0            0   56967.5468   26808.2573  917880.5145       0.0000            0            0            0            0       0.0000       0.0000       0.0000       0.0000
                        536400          400            0            0            0   56967.3636   26808.1711  932330.2073       0.0000            0            0            0            0       0.0000       0.0000       0.0000       0.0000
                        540000          400            0            0            0   56967.5468   26808.2573  932330.2073       0.0000            0            0            0            0       0.0000       0.0000       0.0000       0.0000
                        543600          400            0            0            0   56967.5468   26808.2573  932330.2073       0.0000            0            0            0            0       0.0000       0.0000       0.0000       0.0000
                        547200          400            0            0            0   56967.5468   26808.2573  946141.5133       0.0000            0            0            0            0       0.0000       0.0000       0.0000       0.0000
                        550800          400            0            0            0   56967.5468   26808.2573  946141.5133       0.0000            0            0            0            0       0.0000       0.0000       0.0000       0.0000
                        554400          400            0            0            0   56967.5467   26808.2573  959480.1496       0.0000            0            0            0            0       0.0000       0.0000       0.0000       0.0000
                        558000          400            0            0            0   56967.5468   26808.2573  959480.1496       0.0000            0            0            0            0       0.0000       0.0000       0.0000       0.0000
                        561600          400            0            0            0   56967.5468   26808.2573  959480.1496       0.0000            0            0            0            0       0.0000       0.0000       0.0000       0.0000
                        565200          400            0            0            0   56967.5468   26808.2573  972455.7959       0.0000            0            0            0            0       0.0000       0.0000       0.0000       0.0000
                        568800          400            0            0            0   56967.5468   26808.2573  972455.7959       0.0000            0            0            0            0       0.0000       0.0000       0.0000       0.0000
                        572400          400            0            0            0   56967.5468   26808.2573  985497.0363       0.0000            0            0            0            0       0.0000       0.0000       0.0000       0.0000
                        576000          400            0            0            0   56967.5468   26808.2573  985497.0363       0.0000            0            0            0            0       0.0000       0.0000       0.0000       0.0000
                        579600          400            0            0            0   56967.4045   26808.1904  998443.6943       0.0000            0            0            0            0       0.0000       0.0000       0.0000       0.0000
                        583200          400            0            0            0   56967.5468   26808.2573  998443.6943       0.0000            0            0            0            0       0.0000       0.0000       0.0000       0.0000
                        586800          400            0            0            0   56967.5468   26808.2573  998443.6943       0.0000            0            0            0            0       0.0000       0.0000       0.0000       0.0000
                        590400          400            0            0            0   56967.5468   26808.2573 1011963.4535       0.0000            0            0            0            0       0.0000       0.0000       0.0000       0.0000
                        594000          400            0            0            0   56967.5468   26808.2573 1011963.4535       0.0000            0            0            0            0       0.0000       0.0000       0.0000       0.0000
                        597600          400            0            0            0   56967.5468   26808.2573 1025301.8490       0.0000            0            0            0            0       0.0000       0.0000       0.0000       0.0000
                        601200          400            0            0            0   56967.5468   26808.2573 1025301.8490       0.0000            0            0            0            0       0.0000       0.0000       0.0000       0.0000
                        604800          400            0            0            0   56967.5468   26808.2573 1025301.8490       0.0000            0            0            0            0       0.0000       0.0000       0.0000       0.0000
                        608400          400            0            0            0   56967.5468   26808.2573 1038356.6506       0.0000            0            0            0            0       0.0000       0.0000       0.0000       0.0000
                        612000          400            0            0            0   56967.5468   26808.2573 1038356.6506       0.0000            0            0            0            0       0.0000       0.0000       0.0000       0.0000
                        615600          400            0            0            0   56967.5468   26808.2573 1051344.3831       0.0000            0            0            0            0       0.0000       0.0000       0.0000       0.0000
                        619200          400            0            0            0   56967.5468   26808.2573 1051344.3831       0.0000            0            0            0            0       0.0000       0.0000       0.0000       0.0000
                        622800          400            0            0            0   56967.4655   26808.2191 1064200.8347       0.0000            0            0            0            0       0.0000       0.0000       0.0000       0.0000
                        626400          400            0            0            0   56967.5468   26808.2573 1064200.8347       0.0000            0            0            0            0       0.0000       0.0000       0.0000       0.0000
                        630000          400            0            0            0   56967.5468   26808.2573 1064200.8347       0.0000            0            0            0            0       0.0000       0.0000       0.0000       0.0000
                        633600          400            0            0            0   56967.5468   26808.2573 1077636.8175       0.0000            0            0            0            0       0.0000       0.0000       0.0000       0.0000
                        637200          400            0            0            0   56967.5468   26808.2573 1077636.8175       0.0000            0            0            0            0       0.0000       0.0000       0.0000       0.0000
                        640800          400            0            0            0   56967.5468   26808.2573 1090989.9198       0.0000            0            0            0            0       0.0000       0.0000       0.0000       0.0000
                        644400          400            0            0            0   56967.5468   26808.2573 1090989.9198       0.0000            0            0            0            0       0.0000       0.0000       0.0000       0.0000
                        648000          400            0            0            0   56967.5468   26808.2573 1090989.9198       0.0000            0            0            0            0       0.0000       0.0000       0.0000       0.0000
                        651600          400            0            0            0   56967.5468   26808.2573 1105353.1100       0.0000            0            0            0            0       0.0000       0.0000       0.0000       0.0000
                        655200          400            0            0            0   56967.5468   26808.2573 1105353.1100       0.0000            0            0            0            0       0.0000       0.0000       0.0000       0.0000
                        658800          400            0            0            0   56967.5468   26808.2573 1119936.9917       0.0000            0            0            0            0       0.0000       0.0000       0.0000       0.0000
                        662400          400            0            0            0   56967.5468   26808.2573 1119936.9917       0.0000            0            0            0            0       0.0000       0.0000       0.0000       0.0000
                        666000          400            0            0            0   56967.4802   26808.2260 1134802.9980       0.0000            0            0            0            0       0.0000       0.0000       0.0000       0.0000
                        669600          400            0            0            0   56967.5468   26808.2573 1134802.9980       0.0000            0            0            0            0       0.0000       0.0000       0.0000       0.0000
                        673200          400            0            0            0   56967.5468   26808.2573 1134802.9980       0.0000            0            0            0            0       0.0000       0.0000       0.0000       0.0000
                        676800          400            0            0            0   56967.5468   26808.2573 1148824.7390       0.0000            0            0            0            0       0.0000       0.0000       0.0000       0.0000
                        680400          400            0            0            0   56967.5468   26808.2573 1148824.7390       0.0000            0            0            0            0       0.0000       0.0000       0.0000       0.0000
                        684000          400            0            0            0   56967.5468   26808.2573 1162258.9349       0.0000            0            0            0            0       0.0000       0.0000       0.0000       0.0000
                        687600          400            0            0            0   56967.5468   26808.2573 1162258.9349       0.0000            0            0            0            0       0.0000       0.0000       0.0000       0.0000
                        691200          400            0            0            0   56967.5468   26808.2573 1162258.9349       0.0000            0            0            0            0       0.0000       0.0000       0.0000       0.0000
                        694800          400            0            0            0   56967.5468   26808.2573 1176059.6586       0.0000            0            0            0            0       0.0000       0.0000       0.0000       0.0000
                        698400          400            0            0            0   56967.5468   26808.2573 1176059.6586       0.0000            0            0            0            0       0.0000       0.0000       0.0000       0.0000
                        702000          400            0            0            0   56967.5468   26808.2573 1189103.8216       0.0000            0            0            0            0       0.0000       0.0000       0.0000       0.0000
                        705600          400            0            0            0   56967.5468   26808.2573 1189103.8216       0.0000            0            0            0            0       0.0000       0.0000       0.0000       0.0000
                        709200          400            0            0            0   56967.5019   26808.2362 1202691.2555       0.0000            0            0            0            0       0.0000       0.0000       0.0000       0.0000
                        712800          400            0            0            0   56967.5468   26808.2573 1202691.2555       0.0000            0            0            0            0       0.0000       0.0000       0.0000       0.0000
                        716400          400            0            0            0   56967.5468   26808.2573 1202691.2555       0.0000            0            0            0            0       0.0000       0.0000       0.0000       0.0000
                        720000          400            0            0            0   56967.5468   26808.2573 1216569.1197       0.0000            0            0            0            0       0.0000       0.0000       0.0000       0.0000
                        723600          400            0            0            0   56967.5468   26808.2573 1216569.1197       0.0000            0            0            0            0       0.0000       0.0000       0.0000       0.0000
                        727200          400            0            0            0   56967.5468   26808.2573 1229554.0789       0.0000            0            0            0            0       0.0000       0.0000       0.0000       0.0000
                        730800          400            0            0            0   56967.5468   26808.2573 1229554.0789       0.0000            0            0            0            0       0.0000       0.0000       0.0000       0.0000
                        734400          400            0            0            0   56967.5468   26808.2573 1229554.0789       0.0000            0            0            0            0       0.0000       0.0000       0.0000       0.0000
                        738000          400            0            0            0   56967.5468   26808.2573 1242084.8566       0.0000            0            0            0            0       0.0000       0.0000       0.0000       0.0000
                        741600          400            0            0            0   56967.5468   26808.2573 1242084.8566       0.0000            0            0            0            0       0.0000       0.0000       0.0000       0.0000
                        745200          400            0            0            0   56967.5468   26808.2573 1254134.0694       0.0000            0            0            0            0       0.0000       0.0000       0.0000       0.0000
                        748800          400            0            0            0   56967.5468   26808.2573 1254134.0694       0.0000            0            0            0            0       0.0000       0.0000       0.0000       0.0000
                        752400          400            0            0            0   56967.5123   26808.2411 1266756.4309       0.0000            0            0            0            0       0.0000       0.0000       0.0000       0.0000
                        756000          400            0            0            0   56967.5468   26808.2573 1266756.4309       0.0000            0            0            0            0       0.0000       0.0000       0.0000       0.0000
                        759600          400            0            0            0   56967.5468   26808.2573 1266756.4309       0.0000            0            0            0            0       0.0000       0.0000       0.0000       0.0000
                        763200          400            0            0            0   56967.5468   26808.2573 1280041.1588       0.0000            0            0            0            0       0.0000       0.0000       0.0000       0.0000
                        766800          400            0            0            0   56967.5468   26808.2573 1280041.1588       0.0000            0            0            0            0       0.0000       0.0000       0.0000       0.0000
                        770400          400            0            0            0   56967.5468   26808.2573 1293430.8515       0.0000            0            0            0            0       0.0000       0.0000       0.0000       0.0000
                        774000          400            0            0            0   56967.5468   26808.2573 1293430.8515       0.0000            0            0            0            0       0.0000       0.0000       0.0000       0.0000
                        777600          400            0            0            0   56967.5468   26808.2573 1293430.8515       0.0000            0            0            0            0       0.0000       0.0000       0.0000       0.0000
                        781200          400            0            0            0   56967.5468   26808.2573 1306420.9525       0.0000            0            0            0            0       0.0000       0.0000       0.0000       0.0000
                        784800          400            0            0            0   56967.5468   26808.2573 1306420.9525       0.0000            0            0            0            0       0.0000       0.0000       0.0000       0.0000
                        788400          400            0            0            0   56967.5468   26808.2573 1318771.3552       0.0000            0            0            0            0       0.0000       0.0000       0.0000       0.0000
                        792000          400            0            0            0   56967.5468   26808.2573 1318771.3552       0.0000            0            0            0            0       0.0000       0.0000       0.0000       0.0000
                        795600          400            0            0            0   56967.5262   26808.2476 1331596.4121       0.0000            0            0            0            0       0.0000       0.0000       0.0000       0.0000
                        799200          400            0            0            0   56967.5468   26808.2573 1331596.4121       0.0000            0            0            0            0       0.0000       0.0000       0.0000       0.0000
                        802800          400            0            0            0   56967.5468   26808.2573 1331596.4121       0.0000            0            0            0            0       0.0000       0.0000       0.0000       0.0000
                        806400          400            0            0            0   56967.5468   26808.2573 1344545.1435       0.0000            0            0            0            0       0.0000       0.0000       0.0000       0.0000
                        810000          400            0            0            0   56967.5468   26808.2573 1344545.1435       0.0000            0            0            0            0       0.0000       0.0000       0.0000       0.0000
                        813600          400            0            0            0   56967.5468   26808.2573 1357831.4958       0.0000            0            0            0            0       0.0000       0.0000       0.0000       0.0000
                        817200          400            0            0            0   56967.5468   26808.2573 1357831.4958       0.0000            0            0            0            0       0.0000       0.0000       0.0000       0.0000
                        820800          400            0            0            0   56967.5468   26808.2573 1357831.4958       0.0000            0            0            0            0       0.0000       0.0000       0.0000       0.0000
                        824400          400            0            0            0   56967.5468   26808.2573 1370704.0287       0.0000            0            0            0            0       0.0000       0.0000       0.0000       0.0000
                        828000          400            0            0            0   56967.5468   26808.2573 1370704.0287       0.0000            0            0            0            0       0.0000       0.0000       0.0000       0.0000
                        831600          400            0            0            0   56967.5468   26808.2573 1383209.8232       0.0000            0            0            0            0       0.0000       0.0000       0.0000       0.0000
                        835200          400            0            0            0   56967.5468   26808.2573 1383209.8232       0.0000            0            0            0            0       0.0000       0.0000       0.0000       0.0000
                        838800          400            0            0            0   56967.5334   26808.2510 1395103.5496       0.0000            0            0            0            0       0.0000       0.0000       0.0000       0.0000
                        842400          400            0            0            0   56967.5468   26808.2573 1395103.5496       0.0000            0            0            0            0       0.0000       0.0000       0.0000       0.0000
                        846000          400            0            0            0   56967.5468   26808.2573 1395103.5496       0.0000            0            0            0            0       0.0000       0.0000       0.0000       0.0000
                        849600          400            0            0            0   56967.5468   26808.2573 1407596.2457       0.0000            0            0            0            0       0.0000       0.0000       0.0000       0.0000
                        853200          400            0            0            0   56967.5468   26808.2573 1407596.2457       0.0000            0            0            0            0       0.0000       0.0000       0.0000       0.0000
                        856800          400            0            0            0   56967.5468   26808.2573 1419749.3055       0.0000            0            0            0            0       0.0000       0.0000       0.0000       0.0000
                        860400          400            0            0            0   56967.5468   26808.2573 1419749.3055       0.0000            0            0            0            0       0.0000       0.0000       0.0000       0.0000
                        864000          400            0            0            0   56967.5468   26808.2573 1419749.3055       0.0000            0            0            0            0       0.0000       0.0000       0.0000       0.0000
                        867600          400            0            0            0   56967.5468   26808.2573 1432300.3541       0.0000            0            0            0            0       0.0000       0.0000       0.0000       0.0000
                        871200          400            0            0            0   56967.5468   26808.2573 1432300.3541       0.0000            0            0            0            0       0.0000       0.0000       0.0000       0.0000
                        874800          400            0            0            0   56967.5468   26808.2573 1444749.0575       0.0000            0            0            0            0       0.0000       0.0000       0.0000       0.0000
                        878400          400            0            0            0   56967.5468   26808.2573 1444749.0575       0.0000            0            0            0            0       0.0000       0.0000       0.0000       0.0000
                        882000          400            0            0            0   56967.5363   26808.2524 1457226.1384       0.0000            0            0            0            0       0.0000       0.0000       0.0000       0.0000
                        885600          400            0            0            0   56967.5468   26808.2573 1457226.1384       0.0000            0            0            0            0       0.0000       0.0000       0.0000       0.0000
                        889200          400            0            0            0   56967.5468   26808.2573 1457226.1384       0.0000            0            0            0            0       0.0000       0.0000       0.0000       0.0000
                        892800          400            0            0            0   56967.5468   26808.2573 1469896.3973       0.0000            0            0            0            0       0.0000       0.0000       0.0000       0.0000
                        896400          400            0            0            0   56967.5468   26808.2573 1469896.3973       0.0000            0            0            0            0       0.0000       0.0000       0.0000       0.0000
                        900000          400            0            0            0   56967.5468   26808.2573 1482889.7680       0.0000            0            0            0            0       0.0000       0.0000       0.0000       0.0000
                        903600          400            0            0            0   56967.5468   26808.2573 1482889.7680       0.0000            0            0            0            0       0.0000       0.0000       0.0000       0.0000
                        907200          400            0            0            0   56967.5468   26808.2573 1482889.7680       0.0000            0            0            0            0       0.0000       0.0000       0.0000       0.0000
                        910800          400            0            0            0   56967.5468   26808.2573 1494900.5864       0.0000            0            0            0            0       0.0000       0.0000       0.0000       0.0000
                        914400          400            0            0            0   56967.5468   26808.2573 1494900.5864       0.0000            0            0            0            0       0.0000       0.0000       0.0000       0.0000
                        918000          400            0            0            0   56967.5468   26808.2573 1507022.1322       0.0000            0            0            0            0       0.0000       0.0000       0.0000       0.0000
                        921600          400            0            0            0   56967.5468   26808.2573 1507022.1322       0.0000            0            0            0            0       0.0000       0.0000       0.0000       0.0000
                        925200          400            0            0            0   56967.5399   26808.2540 1519687.1962       0.0000            0            0            0            0       0.0000       0.0000       0.0000       0.0000
                        928800          400            0            0            0   56967.5468   26808.2573 1519687.1962       0.0000            0            0            0            0       0.0000       0.0000       0.0000       0.0000
                        932400          400            0            0            0   56967.5468   26808.2573 1519687.1962       0.0000            0            0            0            0       0.0000       0.0000       0.0000       0.0000
                        936000          400            0            0            0   56967.5468   26808.2573 1532197.3799       0.0000            0            0            0            0       0.0000       0.0000       0.0000       0.0000
                        939600          400            0            0            0   56967.5468   26808.2573 1532197.3799       0.0000            0            0            0            0       0.0000       0.0000       0.0000       0.0000
                        943200          400            0            0            0   56967.5468   26808.2573 1544125.0593       0.0000            0            0            0            0       0.0000       0.0000       0.0000       0.0000
                        946800          400            0            0            0   56967.5468   26808.2573 1544125.0593       0.0000            0            0            0            0       0.0000       0.0000       0.0000       0.0000
                        950400          400            0            0            0   56967.5468   26808.2573 1544125.0593       0.0000            0            0            0            0       0.0000       0.0000       0.0000       0.0000
                        954000          400            0            0            0   56967.5468   26808.2573 1556075.1449       0.0000            0            0            0            0       0.0000       0.0000       0.0000       0.0000
                        957600          400            0            0            0   56967.5468   26808.2573 1556075.1449       0.0000            0            0            0            0       0.0000       0.0000       0.0000       0.0000
                        961200          400            0            0            0   56967.5468   26808.2573 1568450.9462       0.0000            0            0            0            0       0.0000       0.0000       0.0000       0.0000
                        964800          400            0            0            0   56967.5468   26808.2573 1568450.9462       0.0000            0            0            0            0       0.0000       0.0000       0.0000       0.0000
                        968400          400            0            0            0   56967.5423   26808.2552 1580482.6517       0.0000            0            0            0            0       0.0000       0.0000       0.0000       0.0000
                        972000          400            0            0            0   56967.5468   26808.2573 1580482.6517       0.0000            0            0            0            0       0.0000       0.0000       0.0000       0.0000
                        975600          400            0            0            0   56967.5468   26808.2573 1580482.6517       0.0000            0            0            0            0       0.0000       0.0000       0.0000       0.0000
                        979200          400            0            0            0   56967.5468   26808.2573 1591961.6044       0.0000            0            0            0            0       0.0000       0.0000       0.0000       0.0000
                        982800          400            0            0            0   56967.5468   26808.2573 1591961.6044       0.0000            0            0            0            0       0.0000       0.0000       0.0000       0.0000
                        986400          400            0            0            0   56967.5468   26808.2573 1604394.9488       0.0000            0            0            0            0       0.0000       0.0000       0.0000       0.0000
                        990000          400            0            0            0   56967.5468   26808.2573 1604394.9488       0.0000            0            0            0            0       0.0000       0.0000       0.0000       0.0000
                        993600          400            0            0            0   56967.5468   26808.2573 1604394.9488       0.0000            0            0            0            0       0.0000       0.0000       0.0000       0.0000
                        997200          400            0            0            0   56967.5468   26808.2573 1615777.3062       0.0000            0            0            0            0       0.0000       0.0000       0.0000       0.0000
                       1000800          400            0            0            0   56967.5468   26808.2573 1615777.3062       0.0000            0            0            0            0       0.0000       0.0000       0.0000       0.0000
                       1004400          400            0            0            0   56967.5468   26808.2573 1626868.5327       0.0000            0            0            0            0       0.0000       0.0000       0.0000       0.0000
                       1008000          400            0            0            0   56967.5468   26808.2573 1626868.5327       0.0000            0            0            0            0       0.0000       0.0000       0.0000       0.0000
                       1011600          400            0            0            0   56967.5429   26808.2555 1638339.4072       0.0000            0            0            0            0       0.0000       0.0000       0.0000       0.0000
                       1015200          400            0            0            0   56967.5468   26808.2573 1638339.4072       0.0000            0            0            0            0       0.0000       0.0000       0.0000       0.0000
                       1018800          400            0            0            0   56967.5468   26808.2573 1638339.4072       0.0000            0            0            0            0       0.0000       0.0000       0.0000       0.0000
                       1022400          400            0            0            0   56967.5468   26808.2573 1649981.3888       0.0000            0            0            0            0       0.0000       0.0000       0.0000       0.0000
                       1026000          400            0            0            0   56967.5468   26808.2573 1649981.3888       0.0000            0            0            0            0       0.0000       0.0000       0.0000       0.0000
                       1029600          400            0            0            0   56967.5468   26808.2573 1661920.0374       0.0000            0            0            0            0       0.0000       0.0000       0.0000       0.0000
                       1033200          400            0            0            0   56967.5468   26808.2573 1661920.0374       0.0000            0            0            0            0       0.0000       0.0000       0.0000       0.0000
                       1036800          400            0            0            0   56967.5468   26808.2573 1661920.0374       0.0000            0            0            0            0       0.0000       0.0000       0.0000       0.0000
                       1040400          400            0            0            0   56967.5468   26808.2573 1673885.7111       0.0000            0            0            0            0       0.0000       0.0000       0.0000       0.0000
                       1044000          400            0            0            0   56967.5468   26808.2573 1673885.7111       0.0000            0            0            0            0       0.0000       0.0000       0.0000       0.0000
                       1047600          400            0            0            0   56967.5468   26808.2573 1685164.2203       0.0000            0            0            0            0       0.0000       0.0000       0.0000       0.0000
                       1051200          400            0            0            0   56967.5468   26808.2573 1685164.2203       0.0000            0            0            0            0       0.0000       0.0000       0.0000       0.0000
                       1054800          400            0            0            0   56967.5441   26808.2561 1696546.9807       0.0000            0            0            0            0       0.0000       0.0000       0.0000       0.0000
                       1058400          400            0            0            0   56967.5468   26808.2573 1696546.9807       0.0000            0            0            0            0       0.0000       0.0000       0.0000       0.0000
                       1062000          400            0            0            0   56967.5468   26808.2573 1696546.9807       0.0000            0            0            0            0       0.0000       0.0000       0.0000       0.0000
                       1065600          400            0            0            0   56967.5468   26808.2573 1707760.1451       0.0000            0            0            0            0       0.0000       0.0000       0.0000       0.0000
                       1069200          400            0            0            0   56967.5468   26808.2573 1707760.1451       0.0000            0            0            0            0       0.0000       0.0000       0.0000       0.0000
                       1072800          400            0            0            0   56967.5468   26808.2573 1719133.8187       0.0000            0            0            0            0       0.0000       0.0000       0.0000       0.0000
                       1076400          400            0            0            0   56967.5468   26808.2573 1719133.8187       0.0000            0            0            0            0       0.0000       0.0000       0.0000       0.0000
                       1080000          400            0            0            0   56967.5468   26808.2573 1719133.8187       0.0000            0            0            0            0       0.0000       0.0000       0.0000       0.0000
                       1083600          400            0            0            0   56967.5468   26808.2573 1730344.7030       0.0000            0            0            0            0       0.0000       0.0000       0.0000       0.0000
                       1087200          400            0            0            0   56967.5468   26808.2573 1730344.7030       0.0000            0            0            0            0       0.0000       0.0000       0.0000       0.0000
                       1090800          400            0            0            0   56967.5468   26808.2573 1741331.1107       0.0000            0            0            0            0       0.0000       0.0000       0.0000       0.0000
                       1094400          400            0            0            0   56967.5468   26808.2573 1741331.1107       0.0000            0            0            0            0       0.0000       0.0000       0.0000       0.0000
                       1098000          400            0            0            0   56967.5447   26808.2563 1752154.8371       0.0000            0            0            0            0       0.0000       0.0000       0.0000       0.0000
                       1101600          400            0            0            0   56967.5468   26808.2573 1752154.8371       0.0000            0            0            0            0       0.0000       0.0000       0.0000       0.0000
                       1105200          400            0            0            0   56967.5468   26808.2573 1752154.8371       0.0000            0            0            0            0       0.0000       0.0000       0.0000       0.0000
                       1108800          400            0            0            0   56967.5468   26808.2573 1762922.6977       0.0000            0            0            0            0       0.0000       0.0000       0.0000       0.0000
                       1112400          400            0            0            0   56967.5468   26808.2573 1762922.6977       0.0000            0            0            0            0       0.0000       0.0000       0.0000       0.0000
                       1116000          400            0            0            0   56967.5468   26808.2573 1773920.3037       0.0000            0            0            0            0       0.0000       0.0000       0.0000       0.0000
                       1119600          400            0            0            0   56967.5468   26808.2573 1773920.3037       0.0000            0            0            0            0       0.0000       0.0000       0.0000       0.0000
                       1123200          400            0            0            0   56967.5468   26808.2573 1773920.3037       0.0000            0            0            0            0       0.0000       0.0000       0.0000       0.0000
                       1126800          400            0            0            0   56967.5468   26808.2573 1785952.5159       0.0000            0            0            0            0       0.0000       0.0000       0.0000       0.0000
                       1130400          400            0            0            0   56967.5468   26808.2573 1785952.5159       0.0000            0            0            0            0       0.0000       0.0000       0.0000       0.0000
                       1134000          400            0            0            0   56967.5468   26808.2573 1798045.7533       0.0000            0            0            0            0       0.0000       0.0000       0.0000       0.0000
                       1137600          400            0            0            0   56967.5468   26808.2573 1798045.7533       0.0000            0            0            0            0       0.0000       0.0000       0.0000       0.0000
