BioMASSver                             0.22
date                             2014/01/13
hour                               18:50:18
biomass.model.physiology.Planktivore1
Girella-Nigricans             
Chopa-verde                   
longevity                              3904
linf                                68.3000
t0                                  -0.4200
k                                    0.2700
a                                    0.0199
b                                    3.0063
newborn_orgs                            800
pop_deathrate                        0.0007
rep_cycle                               365
age_classes                              11
                         steps       orgs00        hid00     killed00    starved00   leanmass00    fatmass00   killmass00  starvemas00       orgs01        hid01     killed01    starved01   leanmass01    fatmass01   killmass01  starvemas01       orgs02        hid02     killed02    starved02   leanmass02    fatmass02   killmass02  starvemas02       orgs03        hid03     killed03    starved03   leanmass03    fatmass03   killmass03  starvemas03       orgs04        hid04     killed04    starved04   leanmass04    fatmass04   killmass04  starvemas04       orgs05        hid05     killed05    starved05   leanmass05    fatmass05   killmass05  starvemas05       orgs06        hid06     killed06    starved06   leanmass06    fatmass06   killmass06  starvemas06       orgs07        hid07     killed07    starved07   leanmass07    fatmass07   killmass07  starvemas07       orgs08        hid08     killed08    starved08   leanmass08    fatmass08   killmass08  starvemas08       orgs09        hid09     killed09    starved09   leanmass09    fatmass09   killmass09  starvemas09       orgs10        hid10     killed10    starved10   leanmass10    fatmass10   killmass10  starvemas10
                             0            0            0            0            0       0.0000       0.0000       0.0000       0.0000            0            0            0            0       0.0000       0.0000       0.0000       0.0000          800            0            0            0  844828.8847  167463.7808       0.0000       0.0000          623            0            0            0 1135979.6636  235142.1287       0.0000       0.0000          485            0            0            0 1248575.6808  248233.8000       0.0000       0.0000          377            0            0            0 1242183.8143  253066.7665       0.0000       0.0000          294            0            0            0 1153309.6334  229752.3415       0.0000       0.0000          229            0            0            0 1022090.1001  219943.0119       0.0000       0.0000          178            0            0            0  869971.9430  176099.7816       0.0000       0.0000          139            0            0            0  730469.6082  142558.2362       0.0000       0.0000            0            0            0            0       0.0000       0.0000       0.0000       0.0000
                          3600            0            0            0            0       0.0000       0.0000       0.0000       0.0000            0            0            0            0       0.0000       0.0000       0.0000       0.0000            0            2          800            0       0.0000       0.0000 1012292.6655       0.0000            0            0          623            0      -0.0000      -0.0000 1371121.7923       0.0000           14            6          471            0   38327.1162   11300.3507 1447182.0139       0.0000           72            5          305            0  240503.4075   63234.0134 1191500.9763       0.0000          122           11          172            0  479389.0264  103882.0337  799809.0881       0.0000          131           17           98            0  586727.5316  139333.1245  516005.0829       0.0000          115            9           63            0  562083.2363  122851.6832  361085.2266       0.0000          102            9           37            0  536771.8775  105213.0843  231129.0551       0.0000            0            0            0            0       0.0000       0.0000       0.0000       0.0000
                          7200            0            0            0            0       0.0000       0.0000       0.0000       0.0000            0            0            0            0       0.0000       0.0000       0.0000       0.0000            0            2          800            0       0.0000       0.0000 1012292.6655       0.0000            0            0          623            0      -0.0000      -0.0000 1371121.7923       0.0000           14            6          471            0   38327.1162   11300.3507 1447182.0139       0.0000           72            5          305            0  240503.6867   63248.1048 1191500.9763       0.0000          122           11          172            0  479389.4745  103875.7124  799809.0881       0.0000          131           17           98            0  586727.9382  139322.6649  516005.0829       0.0000          115            9           63            0  562083.4252  122798.6386  361085.2266       0.0000          102            9           37            0  536772.0933  105265.9713  231129.0551       0.0000            0            0            0            0       0.0000       0.0000       0.0000       0.0000
                         10800            0            0            0            0       0.0000       0.0000       0.0000       0.0000            0            0            0            0       0.0000       0.0000       0.0000       0.0000            0            2          800            0       0.0000       0.0000 1012292.6655       0.0000            0            0          623            0      -0.0000      -0.0000 1371121.7923       0.0000            5            6          480            0   14303.9747    4567.8520 1477937.6541       0.0000           35            8          342            0  118346.1303   33049.6864 1343871.9528       0.0000           92           20          202            0  362237.7477   85904.8222  934979.5048       0.0000          101           37          128            0  452303.7873  108529.0224  681398.3978       0.0000           98           20           80            0  479201.2962  106045.9264  460801.1883       0.0000           91           12           48            0  478697.3809   95848.1067  298596.6964       0.0000            0            0            0            0       0.0000       0.0000       0.0000       0.0000
                         14400            0            0            0            0       0.0000       0.0000       0.0000       0.0000            0            0            0            0       0.0000       0.0000       0.0000       0.0000            0            2          800            0       0.0000       0.0000 1012292.6655       0.0000            0            0          623            0      -0.0000      -0.0000 1371121.7923       0.0000            5            6          480            0   14303.9747    4567.8520 1477937.6541       0.0000           35            8          342            0  118346.8884   33082.8927 1343871.9528       0.0000           92           20          202            0  362239.1289   86050.4503  934979.5048       0.0000          101           37          128            0  452305.0357  108655.2318  681398.3978       0.0000           98           20           80            0  479202.0927  106247.0882  460801.1883       0.0000           91           12           48            0  478697.6346   95805.0648  298596.6964       0.0000            0            0            0            0       0.0000       0.0000       0.0000       0.0000
                         18000            0            0            0            0       0.0000       0.0000       0.0000       0.0000            0            0            0            0       0.0000       0.0000       0.0000       0.0000            0            2          800            0       0.0000       0.0000 1012292.6655       0.0000            0            0          623            0      -0.0000      -0.0000 1371121.7923       0.0000            3            6          482            0    8587.9220    2491.2408 1485730.3179       0.0000           17            9          360            0   58532.5372   17101.8417 1419686.7757       0.0000           56           25          238            0  222162.0351   53360.4225 1107836.3983       0.0000           77           48          152            0  344740.2603   88399.7483  809487.0642       0.0000           84           24           94            0  411050.9476   91703.4209  543780.5970       0.0000           77           17           62            0  404908.4134   85514.6030  383116.4750       0.0000            0            0            0            0       0.0000       0.0000       0.0000       0.0000
                         21600            0            0            0            0       0.0000       0.0000       0.0000       0.0000            0            0            0            0       0.0000       0.0000       0.0000       0.0000            0            2          800            0       0.0000       0.0000 1012292.6655       0.0000            0            0          623            0      -0.0000      -0.0000 1371121.7923       0.0000            3            6          482            0    8587.9220    2491.2408 1485730.3179       0.0000           17            9          360            0   58532.5372   17101.8417 1419686.7757       0.0000           56           25          238            0  222162.3801   53449.3066 1107836.3983       0.0000           77           48          152            0  344741.5282   88640.7658  809487.0642       0.0000           84           24           94            0  411052.4022   92076.3632  543780.5970       0.0000           77           17           62            0  404908.8537   85793.9614  383116.4750       0.0000            0            0            0            0       0.0000       0.0000       0.0000       0.0000
                         25200            0            0            0            0       0.0000       0.0000       0.0000       0.0000            0            0            0            0       0.0000       0.0000       0.0000       0.0000            0            2          800            0       0.0000       0.0000 1012292.6655       0.0000            0            0          623            0      -0.0000      -0.0000 1371121.7923       0.0000            3            6          482            0    8587.9220    2491.2408 1485730.3179       0.0000           17            9          360            0   58533.5227   17145.2461 1419686.7757       0.0000           56           25          238            0  222162.7898   53477.0460 1107836.3983       0.0000           77           48          152            0  344743.2584   88821.7067  809487.0642       0.0000           84           24           94            0  411053.5575   92521.5900  543780.5970       0.0000           77           17           62            0  404909.0817   85921.4479  383116.4750       0.0000            0            0            0            0       0.0000       0.0000       0.0000       0.0000
                         28800            0            0            0            0       0.0000       0.0000       0.0000       0.0000            0            0            0            0       0.0000       0.0000       0.0000       0.0000            0            2          800            0       0.0000       0.0000 1012292.6655       0.0000            0            0          623            0      -0.0000      -0.0000 1371121.7923       0.0000            2            7          483            0    5748.0294    1432.3408 1489629.1105       0.0000            6            9          371            0   19922.3574    6412.9751 1469030.2120       0.0000           32           38          262            0  127331.9823   32969.7128 1223329.3265       0.0000           53           68          176            0  237457.4578   63609.8354  942307.0640       0.0000           65           36          113            0  318546.9258   73258.3525  656085.3172       0.0000           58           33           81            0  305267.7711   66472.3048  502433.3317       0.0000            0            0            0            0       0.0000       0.0000       0.0000       0.0000
                         32400            0            0            0            0       0.0000       0.0000       0.0000       0.0000            0            0            0            0       0.0000       0.0000       0.0000       0.0000            0            2          800            0       0.0000       0.0000 1012292.6655       0.0000            0            0          623            0      -0.0000      -0.0000 1371121.7923       0.0000            2            7          483            0    5748.0294    1432.3408 1489629.1105       0.0000            6            9          371            0   19922.3574    6412.9751 1469030.2120       0.0000           32           38          262            0  127331.9823   32969.7128 1223329.3265       0.0000           53           68          176            0  237457.9241   63711.9497  942307.0640       0.0000           65           36          113            0  318547.7375   73376.4890  656085.3172       0.0000           58           33           81            0  305268.3420   66774.8299  502433.3317       0.0000            0            0            0            0       0.0000       0.0000       0.0000       0.0000
                         36000            0            0            0            0       0.0000       0.0000       0.0000       0.0000            0            0            0            0       0.0000       0.0000       0.0000       0.0000            0            2          800            0       0.0000       0.0000 1012292.6655       0.0000            0            0          623            0      -0.0000      -0.0000 1371121.7923       0.0000            1            7          484            0    2855.5797     449.3197 1493504.5815       0.0000            4            9          373            0   13059.6524    4347.6738 1477958.2183       0.0000           15           40          279            0   59883.6872   17156.9737 1306572.2226       0.0000           34           78          195            0  152902.3184   43829.5220 1046891.6099       0.0000           37           41          141            0  181779.9288   44770.8328  821578.8195       0.0000           44           38           95            0  232119.4614   57441.0922  585408.0523       0.0000            0            0            0            0       0.0000       0.0000       0.0000       0.0000
                         39600            0            0            0            0       0.0000       0.0000       0.0000       0.0000            0            0            0            0       0.0000       0.0000       0.0000       0.0000            0            2          800            0       0.0000       0.0000 1012292.6655       0.0000            0            0          623            0      -0.0000      -0.0000 1371121.7923       0.0000            1            7          484            0    2855.5797     449.3197 1493504.5815       0.0000            4            9          373            0   13059.6524    4347.6738 1477958.2183       0.0000           15           40          279            0   59885.0656   17200.7421 1306572.2226       0.0000           34           78          195            0  152902.9011   43872.5735 1046891.6099       0.0000           37           41          141            0  181779.9288   44770.8328  821578.8195       0.0000           44           38           95            0  232119.4614   57441.0922  585408.0523       0.0000            0            0            0            0       0.0000       0.0000       0.0000       0.0000
                         43200            0            0            0            0       0.0000       0.0000       0.0000       0.0000            0            0            0            0       0.0000       0.0000       0.0000       0.0000            0            2          800            0       0.0000       0.0000 1012292.6655       0.0000            0            0          623            0      -0.0000      -0.0000 1371121.7923       0.0000            1            7          484            0    2855.5797     449.3197 1493504.5815       0.0000            4            9          373            0   13059.6524    4347.6738 1477958.2183       0.0000           15           40          279            0   59885.0656   17200.7421 1306572.2226       0.0000           34           78          195            0  152905.3582   44011.6254 1046891.6099       0.0000           37           41          141            0  181779.9288   44770.8328  821578.8195       0.0000           44           38           95            0  232120.3026   57817.4741  585408.0523       0.0000            0            0            0            0       0.0000       0.0000       0.0000       0.0000
                         46800            0            0            0            0       0.0000       0.0000       0.0000       0.0000            0            0            0            0       0.0000       0.0000       0.0000       0.0000            0            2          800            0       0.0000       0.0000 1012292.6655       0.0000            0            0          623            0      -0.0000      -0.0000 1371121.7923       0.0000            1            7          484            0    2855.5797     449.3197 1493504.5815       0.0000            4           10          373            0   13059.6524    4347.6738 1477958.2183       0.0000           11           42          283            0   44217.9320   12346.9340 1327141.2449       0.0000           30           85          199            0  135559.5595   40634.2191 1067922.9788       0.0000           30           44          148            0  147041.6891   38674.8206  862999.2903       0.0000           29           43          110            0  153289.2006   42233.2083  680409.3358       0.0000            0            0            0            0       0.0000       0.0000       0.0000       0.0000
                         50400            0            0            0            0       0.0000       0.0000       0.0000       0.0000            0            0            0            0       0.0000       0.0000       0.0000       0.0000            0            2          800            0       0.0000       0.0000 1012292.6655       0.0000            0            0          623            0      -0.0000      -0.0000 1371121.7923       0.0000            1            7          484            0    2855.5797     449.3197 1493504.5815       0.0000            4           10          373            0   13059.6524    4347.6738 1477958.2183       0.0000           11           42          283            0   44218.7790   12536.5719 1327141.2449       0.0000           30           85          199            0  135560.3266   40816.0608 1067922.9788       0.0000           30           44          148            0  147042.9517   39041.3334  862999.2903       0.0000           29           43          110            0  153289.2006   42233.2083  680409.3358       0.0000            0            0            0            0       0.0000       0.0000       0.0000       0.0000
                         54000            0            0            0            0       0.0000       0.0000       0.0000       0.0000            0            0            0            0       0.0000       0.0000       0.0000       0.0000            0            2          800            0       0.0000       0.0000 1012292.6655       0.0000            0            0          623            0      -0.0000      -0.0000 1371121.7923       0.0000            1            7          484            0    2855.5797     449.3197 1493504.5815       0.0000            4           10          373            0   13059.6524    4347.6738 1477958.2183       0.0000            9           47          285            0   36229.1978    9414.6760 1338252.7220       0.0000           27           87          202            0  121859.5465   35752.7467 1086687.0731       0.0000           21           48          157            0  102666.9291   28292.1802  918803.9056       0.0000           20           44          119            0  105433.3000   27974.1217  743024.0346       0.0000            0            0            0            0       0.0000       0.0000       0.0000       0.0000
                         57600            0            0            0            0       0.0000       0.0000       0.0000       0.0000            0            0            0            0       0.0000       0.0000       0.0000       0.0000            0            2          800            0       0.0000       0.0000 1012292.6655       0.0000            0            0          623            0      -0.0000      -0.0000 1371121.7923       0.0000            1            7          484            0    2855.5797     449.3197 1493504.5815       0.0000            4           10          373            0   13060.8627    4388.3041 1477958.2183       0.0000            9           47          285            0   36229.1978    9414.6760 1338252.7220       0.0000           27           87          202            0  121862.2167   36234.1108 1086687.0731       0.0000           21           48          157            0  102666.9291   28292.1802  918803.9056       0.0000           20           44          119            0  105434.4422   28415.1090  743024.0346       0.0000            0            0            0            0       0.0000       0.0000       0.0000       0.0000
                         61200            0            0            0            0       0.0000       0.0000       0.0000       0.0000            0            0            0            0       0.0000       0.0000       0.0000       0.0000            0            2          800            0       0.0000       0.0000 1012292.6655       0.0000            0            0          623            0      -0.0000      -0.0000 1371121.7923       0.0000            1            7          484            0    2855.5797     449.3197 1493504.5815       0.0000            4           10          373            0   13060.8627    4388.3041 1477958.2183       0.0000            8           47          286            0   32426.2665    8352.0885 1343182.6411       0.0000           22           87          207            0   99243.0471   28780.9973 1117124.5768       0.0000           14           48          164            0   68488.7912   18068.4461  963410.0475       0.0000           15           44          124            0   78913.6680   21165.3436  777013.6413       0.0000            0            0            0            0       0.0000       0.0000       0.0000       0.0000
                         64800            0            0            0            0       0.0000       0.0000       0.0000       0.0000            0            0            0            0       0.0000       0.0000       0.0000       0.0000            0            2          800            0       0.0000       0.0000 1012292.6655       0.0000            0            0          623            0      -0.0000      -0.0000 1371121.7923       0.0000            1            7          484            0    2855.5797     449.3197 1493504.5815       0.0000            4           10          373            0   13060.8627    4388.3041 1477958.2183       0.0000            8           47          286            0   32426.2665    8352.0885 1343182.6411       0.0000           22           87          207            0   99243.0471   28780.9973 1117124.5768       0.0000           14           48          164            0   68488.7912   18068.4461  963410.0475       0.0000           15           44          124            0   78913.6680   21165.3436  777013.6413       0.0000            0            0            0            0       0.0000       0.0000       0.0000       0.0000
                         68400            0            0            0            0       0.0000       0.0000       0.0000       0.0000            0            0            0            0       0.0000       0.0000       0.0000       0.0000            0            2          800            0       0.0000       0.0000 1012292.6655       0.0000            0            0          623            0      -0.0000      -0.0000 1371121.7923       0.0000            1            7          484            0    2855.5797     449.3197 1493504.5815       0.0000            4           10          373            0   13060.8627    4388.3041 1477958.2183       0.0000            8           47          286            0   32426.2665    8352.0885 1343182.6411       0.0000           22           87          207            0   99244.0354   28985.7045 1117124.5768       0.0000           14           48          164            0   68489.5360   18305.0185  963410.0475       0.0000           15           44          124            0   78913.6680   21165.3436  777013.6413       0.0000            0            0            0            0       0.0000       0.0000       0.0000       0.0000
                         72000            0            0            0            0       0.0000       0.0000       0.0000       0.0000            0            0            0            0       0.0000       0.0000       0.0000       0.0000            0            2          800            0       0.0000       0.0000 1012292.6655       0.0000            0            0          623            0      -0.0000      -0.0000 1371121.7923       0.0000            1            7          484            0    2855.5797     449.3197 1493504.5815       0.0000            4           10          373            0   13062.3130    4432.8390 1477958.2183       0.0000            8           47          286            0   32426.2665    8352.0885 1343182.6411       0.0000           20           88          209            0   90187.0285   25668.1816 1129499.1065       0.0000           11           48          167            0   53574.2456   14753.8426  981876.5138       0.0000           13           44          126            0   68305.1579   18386.0407  790856.1064       0.0000            0            0            0            0       0.0000       0.0000       0.0000       0.0000
                         75600            0            0            0            0       0.0000       0.0000       0.0000       0.0000            0            0            0            0       0.0000       0.0000       0.0000       0.0000            0            2          800            0       0.0000       0.0000 1012292.6655       0.0000            0            0          623            0      -0.0000      -0.0000 1371121.7923       0.0000            1            7          484            0    2855.5797     449.3197 1493504.5815       0.0000            4           10          373            0   13062.3130    4432.8390 1477958.2183       0.0000            8           47          286            0   32426.2665    8352.0885 1343182.6411       0.0000           20           88          209            0   90189.3620   26010.8170 1129499.1065       0.0000           11           48          167            0   53575.1026   14979.5959  981876.5138       0.0000           13           44          126            0   68305.9571   18584.3888  790856.1064       0.0000            0            0            0            0       0.0000       0.0000       0.0000       0.0000
                         79200            0            0            0            0       0.0000       0.0000       0.0000       0.0000            0            0            0            0       0.0000       0.0000       0.0000       0.0000            0            2          800            0       0.0000       0.0000 1012292.6655       0.0000            0            0          623            0      -0.0000      -0.0000 1371121.7923       0.0000            1            7          484            0    2855.5797     449.3197 1493504.5815       0.0000            4           10          373            0   13062.3130    4432.8390 1477958.2183       0.0000            7           47          287            0   28400.7088    6932.6133 1348810.7080       0.0000           15           88          214            0   67995.8001   19068.2956 1158967.4572       0.0000           10           48          168            0   48575.5922   13029.9559  988928.6257       0.0000            9           45          130            0   47185.7603   12631.5564  818151.3394       0.0000            0            0            0            0       0.0000       0.0000       0.0000       0.0000
                         82800            0            0            0            0       0.0000       0.0000       0.0000       0.0000            0            0            0            0       0.0000       0.0000       0.0000       0.0000            0            2          800            0       0.0000       0.0000 1012292.6655       0.0000            0            0          623            0      -0.0000      -0.0000 1371121.7923       0.0000            1            7          484            0    2855.5797     449.3197 1493504.5815       0.0000            4           10          373            0   13062.3130    4432.8390 1477958.2183       0.0000            7           47          287            0   28402.1426    6987.5945 1348810.7080       0.0000           15           88          214            0   67995.8001   19068.2956 1158967.4572       0.0000           10           48          168            0   48575.5922   13029.9559  988928.6257       0.0000            9           45          130            0   47186.5827   12862.3181  818151.3394       0.0000            0            0            0            0       0.0000       0.0000       0.0000       0.0000
                         86400            0            0            0            0       0.0000       0.0000       0.0000       0.0000            0            0            0            0       0.0000       0.0000       0.0000       0.0000            0            2          800            0       0.0000       0.0000 1012292.6655       0.0000            0            0          623            0      -0.0000      -0.0000 1371121.7923       0.0000            1            7          484            0    2857.5022     587.4688 1493504.5815       0.0000            4           10          373            0   13062.3130    4432.8390 1477958.2183       0.0000            7           47          287            0   28402.1426    6987.5945 1348810.7080       0.0000           15           88          214            0   67997.0037   19279.5715 1158967.4572       0.0000           10           48          168            0   48577.5704   13483.5948  988928.6257       0.0000            9           45          130            0   47186.5827   12862.3181  818151.3394       0.0000            0            0            0            0       0.0000       0.0000       0.0000       0.0000
                         90000            0            0            0            0       0.0000       0.0000       0.0000       0.0000            0            0            0            0       0.0000       0.0000       0.0000       0.0000            0            2          800            0       0.0000       0.0000 1012292.6655       0.0000            0            0          623            0      -0.0000      -0.0000 1371121.7923       0.0000            0            7          485            0      -0.0000      -0.0000 1496949.5525       0.0000            4           10          373            0   13064.1474    4584.8384 1477958.2183       0.0000            6           47          288            0   24195.9247    6687.8858 1353324.8527       0.0000           13           88          216            0   58852.4856   15950.2225 1171663.3033       0.0000            8           48          170            0   38530.4281   10785.7580 1001673.6048       0.0000            7           45          132            0   36553.4497    9510.3753  832352.3640       0.0000            0            0            0            0       0.0000       0.0000       0.0000       0.0000
                         93600            0            0            0            0       0.0000       0.0000       0.0000       0.0000            0            0            0            0       0.0000       0.0000       0.0000       0.0000            0            2          800            0       0.0000       0.0000 1012292.6655       0.0000            0            0          623            0      -0.0000      -0.0000 1371121.7923       0.0000            0            7          485            0      -0.0000      -0.0000 1496949.5525       0.0000            4           10          373            0   13064.1474    4584.8384 1477958.2183       0.0000            6           47          288            0   24195.9247    6687.8858 1353324.8527       0.0000           13           88          216            0   58852.4856   15921.8424 1171663.3033       0.0000            8           48          170            0   38532.7014   10972.7276 1001673.6048       0.0000            7           45          132            0   36554.3807    9720.8356  832352.3640       0.0000            0            0            0            0       0.0000       0.0000       0.0000       0.0000
                         97200            0            0            0            0       0.0000       0.0000       0.0000       0.0000            0            0            0            0       0.0000       0.0000       0.0000       0.0000            0            2          800            0       0.0000       0.0000 1012292.6655       0.0000            0            0          623            0      -0.0000      -0.0000 1371121.7923       0.0000            0            7          485            0      -0.0000      -0.0000 1496949.5525       0.0000            3           10          374            0    9689.7277    3182.5677 1482734.9086       0.0000            6           47          288            0   24195.9247    6662.4303 1353324.8527       0.0000           11           88          218            0   49469.5659   13097.4348 1184073.2636       0.0000            7           48          171            0   33627.6387    9050.7853 1008471.1666       0.0000            5           47          134            0   26185.2843    5918.6554  846523.6406       0.0000            0            0            0            0       0.0000       0.0000       0.0000       0.0000
                        100800            0            0            0            0       0.0000       0.0000       0.0000       0.0000            0            0            0            0       0.0000       0.0000       0.0000       0.0000            0            2          800            0       0.0000       0.0000 1012292.6655       0.0000            0            0          623            0      -0.0000      -0.0000 1371121.7923       0.0000            0            7          485            0      -0.0000      -0.0000 1496949.5525       0.0000            3           10          374            0    9689.7277    3182.5677 1482734.9086       0.0000            6           47          288            0   24195.9247    6662.4303 1353324.8527       0.0000           11           88          218            0   49469.5659   13097.4348 1184073.2636       0.0000            7           48          171            0   33627.6387    9021.0023 1008471.1666       0.0000            5           47          134            0   26185.2843    5918.6554  846523.6406       0.0000            0            0            0            0       0.0000       0.0000       0.0000       0.0000
                        104400            0            0            0            0       0.0000       0.0000       0.0000       0.0000            0            0            0            0       0.0000       0.0000       0.0000       0.0000            0            2          800            0       0.0000       0.0000 1012292.6655       0.0000            0            0          623            0      -0.0000      -0.0000 1371121.7923       0.0000            0            7          485            0      -0.0000      -0.0000 1496949.5525       0.0000            3           10          374            0    9689.7277    3182.5677 1482734.9086       0.0000            6           47          288            0   24195.9247    6662.4303 1353324.8527       0.0000           11           88          218            0   49469.5659   13097.4348 1184073.2636       0.0000            7           48          171            0   33627.6387    9021.0023 1008471.1666       0.0000            3           49          136            0   15701.3402    2757.0868  860592.7743       0.0000            0            0            0            0       0.0000       0.0000       0.0000       0.0000
                        108000            0            0            0            0       0.0000       0.0000       0.0000       0.0000            0            0            0            0       0.0000       0.0000       0.0000       0.0000            0            2          800            0       0.0000       0.0000 1012292.6655       0.0000            0            0          623            0      -0.0000      -0.0000 1371121.7923       0.0000            0            7          485            0      -0.0000      -0.0000 1496949.5525       0.0000            3           10          374            0    9689.7277    3182.5677 1482734.9086       0.0000            6           47          288            0   24195.9247    6662.4303 1353324.8527       0.0000           11           88          218            0   49470.8071   13305.6991 1184073.2636       0.0000            7           48          171            0   33628.7524    9249.2141 1008471.1666       0.0000            3           49          136            0   15702.2868    3012.5481  860592.7743       0.0000            0            0            0            0       0.0000       0.0000       0.0000       0.0000
                        111600            0            0            0            0       0.0000       0.0000       0.0000       0.0000            0            0            0            0       0.0000       0.0000       0.0000       0.0000            0            2          800            0       0.0000       0.0000 1012292.6655       0.0000            0            0          623            0      -0.0000      -0.0000 1371121.7923       0.0000            0            7          485            0      -0.0000      -0.0000 1496949.5525       0.0000            3           10          374            0    9689.7277    3182.5677 1482734.9086       0.0000            6           47          288            0   24195.9247    6662.4303 1353324.8527       0.0000           11           88          218            0   49470.8071   13305.6991 1184073.2636       0.0000            7           48          171            0   33629.8153    9452.3266 1008471.1666       0.0000            3           49          136            0   15702.2868    3012.5481  860592.7743       0.0000            0            0            0            0       0.0000       0.0000       0.0000       0.0000
                        115200            0            0            0            0       0.0000       0.0000       0.0000       0.0000            0            0            0            0       0.0000       0.0000       0.0000       0.0000            0            2          800            0       0.0000       0.0000 1012292.6655       0.0000            0            0          623            0      -0.0000      -0.0000 1371121.7923       0.0000            0            7          485            0      -0.0000      -0.0000 1496949.5525       0.0000            3           10          374            0    9689.7277    3182.5677 1482734.9086       0.0000            6           47          288            0   24195.9247    6662.4303 1353324.8527       0.0000           10           88          219            0   44848.3530   11819.9673 1190154.0334       0.0000            4           48          174            0   19130.0024    6189.6463 1026434.1517       0.0000            2           49          137            0   10580.7099    2407.0357  866507.8587       0.0000            0            0            0            0       0.0000       0.0000       0.0000       0.0000
                        118800            0            0            0            0       0.0000       0.0000       0.0000       0.0000            0            0            0            0       0.0000       0.0000       0.0000       0.0000            0            2          800            0       0.0000       0.0000 1012292.6655       0.0000            0            0          623            0      -0.0000      -0.0000 1371121.7923       0.0000            0            7          485            0      -0.0000      -0.0000 1496949.5525       0.0000            3           10          374            0    9689.7277    3182.5677 1482734.9086       0.0000            6           47          288            0   24195.9247    6662.4303 1353324.8527       0.0000           10           88          219            0   44848.3530   11819.9673 1190154.0334       0.0000            4           48          174            0   19130.0024    6189.6463 1026434.1517       0.0000            2           49          137            0   10580.7099    2407.0357  866507.8587       0.0000            0            0            0            0       0.0000       0.0000       0.0000       0.0000
                        122400            0            0            0            0       0.0000       0.0000       0.0000       0.0000            0            0            0            0       0.0000       0.0000       0.0000       0.0000            0            2          800            0       0.0000       0.0000 1012292.6655       0.0000            0            0          623            0      -0.0000      -0.0000 1371121.7923       0.0000            0            7          485            0      -0.0000      -0.0000 1496949.5525       0.0000            3           10          374            0    9689.7277    3182.5677 1482734.9086       0.0000            6           47          288            0   24195.9247    6662.4303 1353324.8527       0.0000           10           88          219            0   44848.3530   11763.6951 1190154.0334       0.0000            4           48          174            0   19130.0024    6189.6463 1026434.1517       0.0000            1           49          138            0    5337.4515    1105.0837  873053.0691       0.0000            0            0            0            0       0.0000       0.0000       0.0000       0.0000
                        126000            0            0            0            0       0.0000       0.0000       0.0000       0.0000            0            0            0            0       0.0000       0.0000       0.0000       0.0000            0            2          800            0       0.0000       0.0000 1012292.6655       0.0000            0            0          623            0      -0.0000      -0.0000 1371121.7923       0.0000            0            7          485            0      -0.0000      -0.0000 1496949.5525       0.0000            3           10          374            0    9689.7277    3182.5677 1482734.9086       0.0000            6           47          288            0   24195.9247    6637.1874 1353324.8527       0.0000           10           88          219            0   44848.3530   11763.6951 1190154.0334       0.0000            4           48          174            0   19130.0024    6189.6463 1026434.1517       0.0000            1           49          138            0    5337.4515    1105.0837  873053.0691       0.0000            0            0            0            0       0.0000       0.0000       0.0000       0.0000
                        129600            0            0            0            0       0.0000       0.0000       0.0000       0.0000            0            0            0            0       0.0000       0.0000       0.0000       0.0000            0            2          800            0       0.0000       0.0000 1012292.6655       0.0000            0            0          623            0      -0.0000      -0.0000 1371121.7923       0.0000            0            7          485            0      -0.0000      -0.0000 1496949.5525       0.0000            3           10          374            0    9689.7277    3182.5677 1482734.9086       0.0000            6           47          288            0   24195.9247    6637.1874 1353324.8527       0.0000           10           88          219            0   44848.3530   11680.0166 1190154.0334       0.0000            4           48          174            0   19130.0024    6189.6463 1026434.1517       0.0000            1           49          138            0    5337.4515    1105.0837  873053.0691       0.0000            0            0            0            0       0.0000       0.0000       0.0000       0.0000
                        133200            0            0            0            0       0.0000       0.0000       0.0000       0.0000            0            0            0            0       0.0000       0.0000       0.0000       0.0000            8            2          800            0    5732.5060    1415.2990 1012292.6655       0.0000            0            0          623            0      -0.0000      -0.0000 1371121.7923       0.0000            0            7          485            0      -0.0000      -0.0000 1496949.5525       0.0000            3           10          374            0    9689.7277    3182.5677 1482734.9086       0.0000            6           47          288            0   24195.9247    6614.1106 1353324.8527       0.0000           10           88          219            0   44848.3530   11653.0229 1190154.0334       0.0000            4           48          174            0   19130.0024    6189.6463 1026434.1517       0.0000            1           49          138            0    5337.4515    1105.0837  873053.0691       0.0000            0            0            0            0       0.0000       0.0000       0.0000       0.0000
                        136800            0            0            0            0       0.0000       0.0000       0.0000       0.0000            0            0            0            0       0.0000       0.0000       0.0000       0.0000            8            2          800            0    5732.5060    1415.2990 1012292.6655       0.0000            0            0          623            0      -0.0000      -0.0000 1371121.7923       0.0000            0            7          485            0      -0.0000      -0.0000 1496949.5525       0.0000            3           10          374            0    9689.7277    3182.5677 1482734.9086       0.0000            6           47          288            0   24195.9247    6614.1106 1353324.8527       0.0000           10           88          219            0   44848.3530   11653.0229 1190154.0334       0.0000            4           48          174            0   19130.0024    6189.6463 1026434.1517       0.0000            1           49          138            0    5337.4515    1105.0837  873053.0691       0.0000            0            0            0            0       0.0000       0.0000       0.0000       0.0000
                        140400            0            0            0            0       0.0000       0.0000       0.0000       0.0000            0            0            0            0       0.0000       0.0000       0.0000       0.0000            8            2          800            0    5732.5060    1410.8925 1012292.6655       0.0000            0            0          623            0      -0.0000      -0.0000 1371121.7923       0.0000            0            7          485            0      -0.0000      -0.0000 1496949.5525       0.0000            3           10          374            0    9689.7277    3182.5677 1482734.9086       0.0000            6           47          288            0   24195.9247    6614.1106 1353324.8527       0.0000           10           88          219            0   44848.3530   11653.0229 1190154.0334       0.0000            4           48          174            0   19130.0024    6189.6463 1026434.1517       0.0000            1           49          138            0    5337.4515    1072.2873  873053.0691       0.0000            0            0            0            0       0.0000       0.0000       0.0000       0.0000
                        144000            0            0            0            0       0.0000       0.0000       0.0000       0.0000            0            0            0            0       0.0000       0.0000       0.0000       0.0000           16            2          800            0   11463.4273    2626.2869 1012292.6655       0.0000            0            0          623            0      -0.0000      -0.0000 1371121.7923       0.0000            0            7          485            0      -0.0000      -0.0000 1496949.5525       0.0000            3           10          374            0    9689.7277    3144.8031 1482734.9086       0.0000            6           47          288            0   24195.9247    6614.1106 1353324.8527       0.0000           10           88          219            0   44848.3530   11626.6626 1190154.0334       0.0000            4           48          174            0   19130.0024    6189.6463 1026434.1517       0.0000            1           49          138            0    5337.4515    1072.2873  873053.0691       0.0000            0            0            0            0       0.0000       0.0000       0.0000       0.0000
                        147600            0            0            0            0       0.0000       0.0000       0.0000       0.0000            0            0            0            0       0.0000       0.0000       0.0000       0.0000           16            2          800            0   11463.4273    2621.8798 1012292.6655       0.0000            0            0          623            0      -0.0000      -0.0000 1371121.7923       0.0000            0            7          485            0      -0.0000      -0.0000 1496949.5525       0.0000            3           10          374            0    9689.7277    3144.8031 1482734.9086       0.0000            6           47          288            0   24195.9247    6588.3815 1353324.8527       0.0000           10           88          219            0   44848.3530   11626.6626 1190154.0334       0.0000            4           48          174            0   19130.0024    6189.6463 1026434.1517       0.0000            1           49          138            0    5337.4515    1072.2873  873053.0691       0.0000            0            0            0            0       0.0000       0.0000       0.0000       0.0000
                        151200            0            0            0            0       0.0000       0.0000       0.0000       0.0000            0            0            0            0       0.0000       0.0000       0.0000       0.0000           16            2          800            0   11463.4273    2621.8798 1012292.6655       0.0000            0            0          623            0      -0.0000      -0.0000 1371121.7923       0.0000            0            7          485            0      -0.0000      -0.0000 1496949.5525       0.0000            3           10          374            0    9689.7277    3144.8031 1482734.9086       0.0000            6           47          288            0   24195.9247    6588.3815 1353324.8527       0.0000           10           88          219            0   44848.3530   11626.6626 1190154.0334       0.0000            4           48          174            0   19130.0024    6189.6463 1026434.1517       0.0000            1           49          138            0    5337.4515    1072.2873  873053.0691       0.0000            0            0            0            0       0.0000       0.0000       0.0000       0.0000
                        154800            0            0            0            0       0.0000       0.0000       0.0000       0.0000            0            0            0            0       0.0000       0.0000       0.0000       0.0000           16            2          800            0   11463.4273    2613.0706 1012292.6655       0.0000            0            0          623            0      -0.0000      -0.0000 1371121.7923       0.0000            0            7          485            0      -0.0000      -0.0000 1496949.5525       0.0000            3           10          374            0    9689.7277    3144.8031 1482734.9086       0.0000            6           47          288            0   24195.9247    6588.3815 1353324.8527       0.0000           10           88          219            0   44848.3530   11626.6626 1190154.0334       0.0000            4           48          174            0   19130.0024    6189.6463 1026434.1517       0.0000            1           49          138            0    5337.4515    1072.2873  873053.0691       0.0000            0            0            0            0       0.0000       0.0000       0.0000       0.0000
                        158400            0            0            0            0       0.0000       0.0000       0.0000       0.0000            0            0            0            0       0.0000       0.0000       0.0000       0.0000           16            2          800            0   11463.4273    2608.6663 1012292.6655       0.0000            0            0          623            0      -0.0000      -0.0000 1371121.7923       0.0000            0            7          485            0      -0.0000      -0.0000 1496949.5525       0.0000            3           10          374            0    9689.7277    3123.0284 1482734.9086       0.0000            6           47          288            0   24195.9247    6588.3815 1353324.8527       0.0000           10           88          219            0   44848.3530   11626.6626 1190154.0334       0.0000            4           48          174            0   19130.0024    6189.6463 1026434.1517       0.0000            1           49          138            0    5337.4515    1072.2873  873053.0691       0.0000            0            0            0            0       0.0000       0.0000       0.0000       0.0000
                        162000            0            0            0            0       0.0000       0.0000       0.0000       0.0000            0            0            0            0       0.0000       0.0000       0.0000       0.0000           16            2          800            0   11463.4273    2604.2609 1012292.6655       0.0000            0            0          623            0      -0.0000      -0.0000 1371121.7923       0.0000            0            7          485            0      -0.0000      -0.0000 1496949.5525       0.0000            3           10          374            0    9689.7277    3123.0284 1482734.9086       0.0000            6           47          288            0   24195.9247    6588.3815 1353324.8527       0.0000           10           88          219            0   44848.3530   11626.6626 1190154.0334       0.0000            4           48          174            0   19130.0024    6189.6463 1026434.1517       0.0000            1           49          138            0    5337.4515    1072.2873  873053.0691       0.0000            0            0            0            0       0.0000       0.0000       0.0000       0.0000
                        165600            0            0            0            0       0.0000       0.0000       0.0000       0.0000            0            0            0            0       0.0000       0.0000       0.0000       0.0000           16            2          800            0   11463.4273    2604.2609 1012292.6655       0.0000            0            0          623            0      -0.0000      -0.0000 1371121.7923       0.0000            0            7          485            0      -0.0000      -0.0000 1496949.5525       0.0000            3           10          374            0    9689.7277    3123.0284 1482734.9086       0.0000            6           47          288            0   24195.9247    6588.3815 1353324.8527       0.0000           10           88          219            0   44848.3530   11600.1893 1190154.0334       0.0000            4           48          174            0   19130.0024    6160.2312 1026434.1517       0.0000            1           49          138            0    5337.4515    1072.2873  873053.0691       0.0000            0            0            0            0       0.0000       0.0000       0.0000       0.0000
                        169200            0            0            0            0       0.0000       0.0000       0.0000       0.0000            0            0            0            0       0.0000       0.0000       0.0000       0.0000           16            2          800            0   11463.4273    2604.2609 1012292.6655       0.0000            0            0          623            0      -0.0000      -0.0000 1371121.7923       0.0000            0            7          485            0      -0.0000      -0.0000 1496949.5525       0.0000            3           10          374            0    9689.7277    3123.0284 1482734.9086       0.0000            6           47          288            0   24195.9247    6563.1386 1353324.8527       0.0000           10           88          219            0   44848.3530   11600.1893 1190154.0334       0.0000            4           48          174            0   19130.0024    6160.2312 1026434.1517       0.0000            1           49          138            0    5337.4515    1072.2873  873053.0691       0.0000            0            0            0            0       0.0000       0.0000       0.0000       0.0000
                        172800            0            0            0            0       0.0000       0.0000       0.0000       0.0000            0            0            0            0       0.0000       0.0000       0.0000       0.0000           16            2          800            0   11463.4273    2599.8587 1012292.6655       0.0000            0            0          623            0      -0.0000      -0.0000 1371121.7923       0.0000            0            7          485            0      -0.0000      -0.0000 1496949.5525       0.0000            3           10          374            0    9689.7277    3123.0284 1482734.9086       0.0000            6           47          288            0   24195.9247    6563.1386 1353324.8527       0.0000           10           88          219            0   44848.3530   11600.1893 1190154.0334       0.0000            4           48          174            0   19130.0024    6160.2312 1026434.1517       0.0000            1           49          138            0    5337.4515    1072.2873  873053.0691       0.0000            0            0            0            0       0.0000       0.0000       0.0000       0.0000
                        176400            0            0            0            0       0.0000       0.0000       0.0000       0.0000            0            0            0            0       0.0000       0.0000       0.0000       0.0000           16            2          800            0   11463.4273    2595.4551 1012292.6655       0.0000            0            0          623            0      -0.0000      -0.0000 1371121.7923       0.0000            0            7          485            0      -0.0000      -0.0000 1496949.5525       0.0000            3           10          374            0    9689.7277    3123.0284 1482734.9086       0.0000            6           47          288            0   24195.9247    6539.2121 1353324.8527       0.0000           10           88          219            0   44848.3530   11600.1893 1190154.0334       0.0000            4           48          174            0   19130.0024    6160.2312 1026434.1517       0.0000            1           49          138            0    5337.4515    1072.2873  873053.0691       0.0000            0            0            0            0       0.0000       0.0000       0.0000       0.0000
                        180000            0            0            0            0       0.0000       0.0000       0.0000       0.0000            0            0            0            0       0.0000       0.0000       0.0000       0.0000           16            2          800            0   11463.4273    2591.0519 1012292.6655       0.0000            0            0          623            0      -0.0000      -0.0000 1371121.7923       0.0000            0            7          485            0      -0.0000      -0.0000 1496949.5525       0.0000            3           10          374            0    9689.7277    3123.0284 1482734.9086       0.0000            6           47          288            0   24195.9247    6539.2121 1353324.8527       0.0000           10           88          219            0   44848.3530   11571.8092 1190154.0334       0.0000            4           48          174            0   19130.0024    6131.3268 1026434.1517       0.0000            1           49          138            0    5337.4515    1072.2873  873053.0691       0.0000            0            0            0            0       0.0000       0.0000       0.0000       0.0000
                        183600            0            0            0            0       0.0000       0.0000       0.0000       0.0000            0            0            0            0       0.0000       0.0000       0.0000       0.0000           16            2          800            0   11463.4273    2591.0519 1012292.6655       0.0000            0            0          623            0      -0.0000      -0.0000 1371121.7923       0.0000            0            7          485            0      -0.0000      -0.0000 1496949.5525       0.0000            3           10          374            0    9689.7277    3123.0284 1482734.9086       0.0000            6           47          288            0   24195.9247    6513.7566 1353324.8527       0.0000           10           88          219            0   44848.3530   11571.8092 1190154.0334       0.0000            4           48          174            0   19130.0024    6101.8835 1026434.1517       0.0000            1           49          138            0    5337.4515    1072.2873  873053.0691       0.0000            0            0            0            0       0.0000       0.0000       0.0000       0.0000
                        187200            0            0            0            0       0.0000       0.0000       0.0000       0.0000            0            0            0            0       0.0000       0.0000       0.0000       0.0000           16            2          800            0   11463.4273    2591.0519 1012292.6655       0.0000            0            0          623            0      -0.0000      -0.0000 1371121.7923       0.0000            0            7          485            0      -0.0000      -0.0000 1496949.5525       0.0000            3           10          374            0    9689.7277    3123.0284 1482734.9086       0.0000            6           47          288            0   24195.9247    6513.7566 1353324.8527       0.0000           10           88          219            0   44848.3530   11571.8092 1190154.0334       0.0000            4           48          174            0   19130.0024    6072.1005 1026434.1517       0.0000            1           49          138            0    5337.4515    1072.2873  873053.0691       0.0000            0            0            0            0       0.0000       0.0000       0.0000       0.0000
