BioMASSver                             0.22
date                             2014/11/11
hour                               18:44:53
biomass.model.taxonomy.Plant2 
Generic                       
Plant                         
longevity                             36499
linf                                 0.0000
t0                                   0.0000
k                                    0.5000
a                                    0.0000
b                                    0.0000
newborn_orgs                            400
pop_deathrate                        0.0007
rep_cycle                             18250
age_classes                               2
                         steps       orgs00        hid00     killed00    starved00   leanmass00    fatmass00   killmass00  starvemas00       orgs01        hid01     killed01    starved01   leanmass01    fatmass01   killmass01  starvemas01
                             0          400            0            0            0  178023.5837   83775.8041       0.0000       0.0000            0            0            0            0       0.0000       0.0000       0.0000       0.0000
                          3600          400            0            0            0   25074.9086   11799.9570  231727.9839       0.0000            0            0            0            0       0.0000       0.0000       0.0000       0.0000
                          7200          400            0            0            0   31000.9379   14588.6766  231727.9839       0.0000            0            0            0            0       0.0000       0.0000       0.0000       0.0000
                         10800          400            0            0            0   29578.9762   13919.5182  502040.9450       0.0000            0            0            0            0       0.0000       0.0000       0.0000       0.0000
                         14400          400            0            0            0   33670.9937   15845.1735  502040.9450       0.0000            0            0            0            0       0.0000       0.0000       0.0000       0.0000
                         18000          400            0            0            0   38549.1868   18140.7938  840523.7688       0.0000            0            0            0            0       0.0000       0.0000       0.0000       0.0000
                         21600          400            0            0            0   41813.3493   19676.8703  840523.7688       0.0000            0            0            0            0       0.0000       0.0000       0.0000       0.0000
                         25200          400            0            0            0   47048.3072   22140.3799  840523.7688       0.0000            0            0            0            0       0.0000       0.0000       0.0000       0.0000
                         28800          400            0            0            0   53211.9829   25040.9331 1153149.2004       0.0000            0            0            0            0       0.0000       0.0000       0.0000       0.0000
                         32400          400            0            0            0   60086.2884   28275.9004 1153149.2004       0.0000            0            0            0            0       0.0000       0.0000       0.0000       0.0000
                         36000          400            0            0            0   68907.3037   32426.9664 1377227.3907       0.0000            0            0            0            0       0.0000       0.0000       0.0000       0.0000
                         39600          400            0            0            0   71306.9826   33556.2271 1377227.3907       0.0000            0            0            0            0       0.0000       0.0000       0.0000       0.0000
                         43200          400            0            0            0   76527.6588   36013.0159 1377227.3907       0.0000            0            0            0            0       0.0000       0.0000       0.0000       0.0000
                         46800          400            0            0            0   84943.6685   39973.4910 1546598.8566       0.0000            0            0            0            0       0.0000       0.0000       0.0000       0.0000
                         50400          400            0            0            0   90311.2747   42499.4234 1546598.8566       0.0000            0            0            0            0       0.0000       0.0000       0.0000       0.0000
                         54000          400            0            0            0   96615.9897   45466.3481 1689799.9570       0.0000            0            0            0            0       0.0000       0.0000       0.0000       0.0000
                         57600          400            0            0            0  104493.6503   49173.4825 1689799.9570       0.0000            0            0            0            0       0.0000       0.0000       0.0000       0.0000
                         61200          400            0            0            0  119740.7849   56348.6047 1809430.9982       0.0000            0            0            0            0       0.0000       0.0000       0.0000       0.0000
                         64800          400            0            0            0  124716.6381   58690.1826 1809430.9982       0.0000            0            0            0            0       0.0000       0.0000       0.0000       0.0000
                         68400          400            0            0            0  132391.0018   62301.6479 1809430.9982       0.0000            0            0            0            0       0.0000       0.0000       0.0000       0.0000
                         72000          400            0            0            0  139314.3518   65559.6950 1920117.3704       0.0000            0            0            0            0       0.0000       0.0000       0.0000       0.0000
                         75600          400            0            0            0  148843.5050   70044.0024 1920117.3704       0.0000            0            0            0            0       0.0000       0.0000       0.0000       0.0000
                         79200          400            0            0            0  160298.4548   75434.5670 2040956.4489       0.0000            0            0            0            0       0.0000       0.0000       0.0000       0.0000
                         82800          400            0            0            0  166774.3030   78482.0250 2040956.4489       0.0000            0            0            0            0       0.0000       0.0000       0.0000       0.0000
                         86400          400            0            0            0  173029.8920   81425.8315 2040956.4489       0.0000            0            0            0            0       0.0000       0.0000       0.0000       0.0000
                         90000          400            0            0            0  178022.9280   83775.4955 2164822.5002       0.0000            0            0            0            0       0.0000       0.0000       0.0000       0.0000
                         93600          400            0            0            0  178023.5831   83775.8038 2164822.5002       0.0000            0            0            0            0       0.0000       0.0000       0.0000       0.0000
                         97200          400            0            0            0  178014.9135   83771.7240 2289040.1097       0.0000            0            0            0            0       0.0000       0.0000       0.0000       0.0000
                        100800          400            0            0            0  178023.5755   83775.8003 2289040.1097       0.0000            0            0            0            0       0.0000       0.0000       0.0000       0.0000
                        104400          400            0            0            0  177850.9993   83694.5879 2417725.3033       0.0000            0            0            0            0       0.0000       0.0000       0.0000       0.0000
                        108000          400            0            0            0  178023.4304   83775.7319 2417725.3033       0.0000            0            0            0            0       0.0000       0.0000       0.0000       0.0000
                        111600          400            0            0            0  178023.5836   83775.8040 2417725.3033       0.0000            0            0            0            0       0.0000       0.0000       0.0000       0.0000
                        115200          400            0            0            0  178021.6569   83774.8974 2554761.6177       0.0000            0            0            0            0       0.0000       0.0000       0.0000       0.0000
                        118800          400            0            0            0  178023.5820   83775.8033 2554761.6177       0.0000            0            0            0            0       0.0000       0.0000       0.0000       0.0000
                        122400          400            0            0            0  177996.1078   83762.8742 2672909.7485       0.0000            0            0            0            0       0.0000       0.0000       0.0000       0.0000
                        126000          400            0            0            0  178023.5596   83775.7927 2672909.7485       0.0000            0            0            0            0       0.0000       0.0000       0.0000       0.0000
                        129600          400            0            0            0  178023.5837   83775.8041 2672909.7485       0.0000            0            0            0            0       0.0000       0.0000       0.0000       0.0000
                        133200          400            0            0            0  178023.2235   83775.6346 2789539.0980       0.0000            0            0            0            0       0.0000       0.0000       0.0000       0.0000
                        136800          400            0            0            0  178023.5834   83775.8039 2789539.0980       0.0000            0            0            0            0       0.0000       0.0000       0.0000       0.0000
                        140400          400            0            0            0  178018.8595   83773.5809 2908411.7193       0.0000            0            0            0            0       0.0000       0.0000       0.0000       0.0000
                        144000          400            0            0            0  178023.5798   83775.8023 2908411.7193       0.0000            0            0            0            0       0.0000       0.0000       0.0000       0.0000
                        147600          400            0            0            0  177960.5088   83746.1218 3019955.4799       0.0000            0            0            0            0       0.0000       0.0000       0.0000       0.0000
                        151200          400            0            0            0  178023.5546   83775.7904 3019955.4799       0.0000            0            0            0            0       0.0000       0.0000       0.0000       0.0000
                        154800          400            0            0            0  178023.5837   83775.8041 3019955.4799       0.0000            0            0            0            0       0.0000       0.0000       0.0000       0.0000
                        158400          400            0            0            0  178023.0223   83775.5399 3122591.3258       0.0000            0            0            0            0       0.0000       0.0000       0.0000       0.0000
                        162000          400            0            0            0  178023.5833   83775.8039 3122591.3258       0.0000            0            0            0            0       0.0000       0.0000       0.0000       0.0000
                        165600          400            0            0            0  178019.3733   83773.8227 3237756.7370       0.0000            0            0            0            0       0.0000       0.0000       0.0000       0.0000
                        169200          400            0            0            0  178023.5831   83775.8038 3237756.7370       0.0000            0            0            0            0       0.0000       0.0000       0.0000       0.0000
                        172800          400            0            0            0  178023.5837   83775.8041 3237756.7370       0.0000            0            0            0            0       0.0000       0.0000       0.0000       0.0000
                        176400          400            0            0            0  178023.5830   83775.8037 3361371.7496       0.0000            0            0            0            0       0.0000       0.0000       0.0000       0.0000
                        180000          400            0            0            0  178023.5837   83775.8041 3361371.7496       0.0000            0            0            0            0       0.0000       0.0000       0.0000       0.0000
                        183600          400            0            0            0  178023.4176   83775.7259 3485536.7366       0.0000            0            0            0            0       0.0000       0.0000       0.0000       0.0000
                        187200          400            0            0            0  178023.5837   83775.8041 3485536.7366       0.0000            0            0            0            0       0.0000       0.0000       0.0000       0.0000
                        190800          400            0            0            0  177980.5777   83755.5660 3609605.1526       0.0000            0            0            0            0       0.0000       0.0000       0.0000       0.0000
                        194400          400            0            0            0  178023.5837   83775.8041 3609605.1526       0.0000            0            0            0            0       0.0000       0.0000       0.0000       0.0000
                        198000          400            0            0            0  178023.5837   83775.8041 3609605.1526       0.0000            0            0            0            0       0.0000       0.0000       0.0000       0.0000
                        201600          400            0            0            0  178023.5739   83775.7995 3728997.4837       0.0000            0            0            0            0       0.0000       0.0000       0.0000       0.0000
                        205200          400            0            0            0  178023.5837   83775.8041 3728997.4837       0.0000            0            0            0            0       0.0000       0.0000       0.0000       0.0000
                        208800          400            0            0            0  178021.7596   83774.9457 3834064.6141       0.0000            0            0            0            0       0.0000       0.0000       0.0000       0.0000
                        212400          400            0            0            0  178023.5837   83775.8041 3834064.6141       0.0000            0            0            0            0       0.0000       0.0000       0.0000       0.0000
                        216000          400            0            0            0  178023.5837   83775.8041 3834064.6141       0.0000            0            0            0            0       0.0000       0.0000       0.0000       0.0000
                        219600          400            0            0            0  178023.5833   83775.8039 3938192.1573       0.0000            0            0            0            0       0.0000       0.0000       0.0000       0.0000
                        223200          400            0            0            0  178023.5837   83775.8041 3938192.1573       0.0000            0            0            0            0       0.0000       0.0000       0.0000       0.0000
                        226800          400            0            0            0  178023.5018   83775.7656 4046135.8075       0.0000            0            0            0            0       0.0000       0.0000       0.0000       0.0000
                        230400          400            0            0            0  178023.5837   83775.8041 4046135.8075       0.0000            0            0            0            0       0.0000       0.0000       0.0000       0.0000
                        234000          400            0            0            0  178002.1337   83765.7100 4140083.2883       0.0000            0            0            0            0       0.0000       0.0000       0.0000       0.0000
                        237600          400            0            0            0  178023.5837   83775.8041 4140083.2883       0.0000            0            0            0            0       0.0000       0.0000       0.0000       0.0000
                        241200          400            0            0            0  178023.5837   83775.8041 4140083.2883       0.0000            0            0            0            0       0.0000       0.0000       0.0000       0.0000
                        244800          400            0            0            0  178023.5818   83775.8032 4227871.5107       0.0000            0            0            0            0       0.0000       0.0000       0.0000       0.0000
                        248400          400            0            0            0  178023.5837   83775.8041 4227871.5107       0.0000            0            0            0            0       0.0000       0.0000       0.0000       0.0000
                        252000          400            0            0            0  178023.0956   83775.5744 4322182.2261       0.0000            0            0            0            0       0.0000       0.0000       0.0000       0.0000
                        255600          400            0            0            0  178023.5837   83775.8041 4322182.2261       0.0000            0            0            0            0       0.0000       0.0000       0.0000       0.0000
                        259200          400            0            0            0  178023.5837   83775.8041 4322182.2261       0.0000            0            0            0            0       0.0000       0.0000       0.0000       0.0000
                        262800          400            0            0            0  178023.5837   83775.8041 4430532.4411       0.0000            0            0            0            0       0.0000       0.0000       0.0000       0.0000
                        266400          400            0            0            0  178023.5837   83775.8041 4430532.4411       0.0000            0            0            0            0       0.0000       0.0000       0.0000       0.0000
                        270000          400            0            0            0  178023.5790   83775.8019 4545060.1556       0.0000            0            0            0            0       0.0000       0.0000       0.0000       0.0000
                        273600          400            0            0            0  178023.5837   83775.8041 4545060.1556       0.0000            0            0            0            0       0.0000       0.0000       0.0000       0.0000
                        277200          400            0            0            0  178007.2717   83768.1279 4654533.6850       0.0000            0            0            0            0       0.0000       0.0000       0.0000       0.0000
                        280800          400            0            0            0  178023.5837   83775.8041 4654533.6850       0.0000            0            0            0            0       0.0000       0.0000       0.0000       0.0000
                        284400          400            0            0            0  178023.5837   83775.8041 4654533.6850       0.0000            0            0            0            0       0.0000       0.0000       0.0000       0.0000
                        288000          400            0            0            0  178023.5837   83775.8041 4754206.8130       0.0000            0            0            0            0       0.0000       0.0000       0.0000       0.0000
                        291600          400            0            0            0  178023.5837   83775.8041 4754206.8130       0.0000            0            0            0            0       0.0000       0.0000       0.0000       0.0000
                        295200          400            0            0            0  178023.4218   83775.7279 4844192.8059       0.0000            0            0            0            0       0.0000       0.0000       0.0000       0.0000
                        298800          400            0            0            0  178023.5837   83775.8041 4844192.8059       0.0000            0            0            0            0       0.0000       0.0000       0.0000       0.0000
                        302400          400            0            0            0  178023.5837   83775.8041 4844192.8059       0.0000            0            0            0            0       0.0000       0.0000       0.0000       0.0000
                        306000          400            0            0            0  178023.5837   83775.8041 4937675.0354       0.0000            0            0            0            0       0.0000       0.0000       0.0000       0.0000
                        309600          400            0            0            0  178023.5837   83775.8041 4937675.0354       0.0000            0            0            0            0       0.0000       0.0000       0.0000       0.0000
                        313200          400            0            0            0  178023.5816   83775.8031 5037603.1441       0.0000            0            0            0            0       0.0000       0.0000       0.0000       0.0000
                        316800          400            0            0            0  178023.5837   83775.8041 5037603.1441       0.0000            0            0            0            0       0.0000       0.0000       0.0000       0.0000
                        320400          400            0            0            0  178014.7397   83771.6422 5120523.9327       0.0000            0            0            0            0       0.0000       0.0000       0.0000       0.0000
                        324000          400            0            0            0  178023.5837   83775.8041 5120523.9327       0.0000            0            0            0            0       0.0000       0.0000       0.0000       0.0000
                        327600          400            0            0            0  178023.5837   83775.8041 5120523.9327       0.0000            0            0            0            0       0.0000       0.0000       0.0000       0.0000
                        331200          400            0            0            0  178023.5837   83775.8041 5194133.5220       0.0000            0            0            0            0       0.0000       0.0000       0.0000       0.0000
                        334800          400            0            0            0  178023.5837   83775.8041 5194133.5220       0.0000            0            0            0            0       0.0000       0.0000       0.0000       0.0000
                        338400          400            0            0            0  178023.5414   83775.7842 5274732.3742       0.0000            0            0            0            0       0.0000       0.0000       0.0000       0.0000
                        342000          400            0            0            0  178023.5837   83775.8041 5274732.3742       0.0000            0            0            0            0       0.0000       0.0000       0.0000       0.0000
                        345600          400            0            0            0  178023.5837   83775.8041 5274732.3742       0.0000            0            0            0            0       0.0000       0.0000       0.0000       0.0000
                        349200          400            0            0            0  178023.5837   83775.8041 5370886.1709       0.0000            0            0            0            0       0.0000       0.0000       0.0000       0.0000
                        352800          400            0            0            0  178023.5837   83775.8041 5370886.1709       0.0000            0            0            0            0       0.0000       0.0000       0.0000       0.0000
                        356400          400            0            0            0  178023.5836   83775.8040 5472070.5497       0.0000            0            0            0            0       0.0000       0.0000       0.0000       0.0000
                        360000          400            0            0            0  178023.5837   83775.8041 5472070.5497       0.0000            0            0            0            0       0.0000       0.0000       0.0000       0.0000
                        363600          400            0            0            0  178017.0684   83772.7381 5562812.4599       0.0000            0            0            0            0       0.0000       0.0000       0.0000       0.0000
                        367200          400            0            0            0  178023.5837   83775.8041 5562812.4599       0.0000            0            0            0            0       0.0000       0.0000       0.0000       0.0000
                        370800          400            0            0            0  178023.5837   83775.8041 5562812.4599       0.0000            0            0            0            0       0.0000       0.0000       0.0000       0.0000
                        374400          400            0            0            0  178023.5837   83775.8041 5650131.7470       0.0000            0            0            0            0       0.0000       0.0000       0.0000       0.0000
                        378000          400            0            0            0  178023.5837   83775.8041 5650131.7470       0.0000            0            0            0            0       0.0000       0.0000       0.0000       0.0000
                        381600          400            0            0            0  178023.5639   83775.7948 5722376.6339       0.0000            0            0            0            0       0.0000       0.0000       0.0000       0.0000
                        385200          400            0            0            0  178023.5837   83775.8041 5722376.6339       0.0000            0            0            0            0       0.0000       0.0000       0.0000       0.0000
                        388800          400            0            0            0  178023.5837   83775.8041 5722376.6339       0.0000            0            0            0            0       0.0000       0.0000       0.0000       0.0000
                        392400          400            0            0            0  178023.5837   83775.8041 5800910.4939       0.0000            0            0            0            0       0.0000       0.0000       0.0000       0.0000
                        396000          400            0            0            0  178023.5837   83775.8041 5800910.4939       0.0000            0            0            0            0       0.0000       0.0000       0.0000       0.0000
                        399600          400            0            0            0  178023.5836   83775.8041 5891241.2469       0.0000            0            0            0            0       0.0000       0.0000       0.0000       0.0000
                        403200          400            0            0            0  178023.5837   83775.8041 5891241.2469       0.0000            0            0            0            0       0.0000       0.0000       0.0000       0.0000
                        406800          400            0            0            0  178020.2917   83774.2549 5958999.1342       0.0000            0            0            0            0       0.0000       0.0000       0.0000       0.0000
                        410400          400            0            0            0  178023.5837   83775.8041 5958999.1342       0.0000            0            0            0            0       0.0000       0.0000       0.0000       0.0000
                        414000          400            0            0            0  178023.5837   83775.8041 5958999.1342       0.0000            0            0            0            0       0.0000       0.0000       0.0000       0.0000
                        417600          400            0            0            0  178023.5837   83775.8041 6018995.6954       0.0000            0            0            0            0       0.0000       0.0000       0.0000       0.0000
                        421200          400            0            0            0  178023.5837   83775.8041 6018995.6954       0.0000            0            0            0            0       0.0000       0.0000       0.0000       0.0000
                        424800          400            0            0            0  178023.5778   83775.8013 6084053.0677       0.0000            0            0            0            0       0.0000       0.0000       0.0000       0.0000
                        428400          400            0            0            0  178023.5837   83775.8041 6084053.0677       0.0000            0            0            0            0       0.0000       0.0000       0.0000       0.0000
                        432000          400            0            0            0  178023.5837   83775.8041 6084053.0677       0.0000            0            0            0            0       0.0000       0.0000       0.0000       0.0000
                        435600          400            0            0            0  178023.5837   83775.8041 6163025.2091       0.0000            0            0            0            0       0.0000       0.0000       0.0000       0.0000
                        439200          400            0            0            0  178023.5837   83775.8041 6163025.2091       0.0000            0            0            0            0       0.0000       0.0000       0.0000       0.0000
                        442800          400            0            0            0  178023.5837   83775.8041 6245538.0007       0.0000            0            0            0            0       0.0000       0.0000       0.0000       0.0000
                        446400          400            0            0            0  178023.5837   83775.8041 6245538.0007       0.0000            0            0            0            0       0.0000       0.0000       0.0000       0.0000
                        450000          400            0            0            0  178020.6381   83774.4179 6325917.0959       0.0000            0            0            0            0       0.0000       0.0000       0.0000       0.0000
                        453600          400            0            0            0  178023.5837   83775.8041 6325917.0959       0.0000            0            0            0            0       0.0000       0.0000       0.0000       0.0000
                        457200          400            0            0            0  178023.5837   83775.8041 6325917.0959       0.0000            0            0            0            0       0.0000       0.0000       0.0000       0.0000
                        460800          400            0            0            0  178023.5837   83775.8041 6399007.5077       0.0000            0            0            0            0       0.0000       0.0000       0.0000       0.0000
                        464400          400            0            0            0  178023.5837   83775.8041 6399007.5077       0.0000            0            0            0            0       0.0000       0.0000       0.0000       0.0000
                        468000          400            0            0            0  178023.5820   83775.8033 6464847.7593       0.0000            0            0            0            0       0.0000       0.0000       0.0000       0.0000
                        471600          400            0            0            0  178023.5837   83775.8041 6464847.7593       0.0000            0            0            0            0       0.0000       0.0000       0.0000       0.0000
                        475200          400            0            0            0  178023.5837   83775.8041 6464847.7593       0.0000            0            0            0            0       0.0000       0.0000       0.0000       0.0000
                        478800          400            0            0            0  178023.5837   83775.8041 6535741.9445       0.0000            0            0            0            0       0.0000       0.0000       0.0000       0.0000
                        482400          400            0            0            0  178023.5837   83775.8041 6535741.9445       0.0000            0            0            0            0       0.0000       0.0000       0.0000       0.0000
                        486000          400            0            0            0  178023.5837   83775.8041 6616156.1229       0.0000            0            0            0            0       0.0000       0.0000       0.0000       0.0000
                        489600          400            0            0            0  178023.5837   83775.8041 6616156.1229       0.0000            0            0            0            0       0.0000       0.0000       0.0000       0.0000
                        493200          400            0            0            0  178021.9212   83775.0217 6677631.4614       0.0000            0            0            0            0       0.0000       0.0000       0.0000       0.0000
                        496800          400            0            0            0  178023.5837   83775.8041 6677631.4614       0.0000            0            0            0            0       0.0000       0.0000       0.0000       0.0000
                        500400          400            0            0            0  178023.5837   83775.8041 6677631.4614       0.0000            0            0            0            0       0.0000       0.0000       0.0000       0.0000
                        504000          400            0            0            0  178023.5837   83775.8041 6731334.9343       0.0000            0            0            0            0       0.0000       0.0000       0.0000       0.0000
                        507600          400            0            0            0  178023.5837   83775.8041 6731334.9343       0.0000            0            0            0            0       0.0000       0.0000       0.0000       0.0000
                        511200          400            0            0            0  178023.5832   83775.8039 6786826.3606       0.0000            0            0            0            0       0.0000       0.0000       0.0000       0.0000
                        514800          400            0            0            0  178023.5837   83775.8041 6786826.3606       0.0000            0            0            0            0       0.0000       0.0000       0.0000       0.0000
                        518400          400            0            0            0  178023.5837   83775.8041 6786826.3606       0.0000            0            0            0            0       0.0000       0.0000       0.0000       0.0000
                        522000          400            0            0            0  178023.5837   83775.8041 6855880.4412       0.0000            0            0            0            0       0.0000       0.0000       0.0000       0.0000
                        525600          400            0            0            0  178023.5837   83775.8041 6855880.4412       0.0000            0            0            0            0       0.0000       0.0000       0.0000       0.0000
                        529200          400            0            0            0  178023.5837   83775.8041 6924530.8961       0.0000            0            0            0            0       0.0000       0.0000       0.0000       0.0000
                        532800          400            0            0            0  178023.5837   83775.8041 6924530.8961       0.0000            0            0            0            0       0.0000       0.0000       0.0000       0.0000
                        536400          400            0            0            0  178022.2499   83775.1764 6995196.2955       0.0000            0            0            0            0       0.0000       0.0000       0.0000       0.0000
                        540000          400            0            0            0  178023.5837   83775.8041 6995196.2955       0.0000            0            0            0            0       0.0000       0.0000       0.0000       0.0000
                        543600          400            0            0            0  178023.5837   83775.8041 6995196.2955       0.0000            0            0            0            0       0.0000       0.0000       0.0000       0.0000
                        547200          400            0            0            0  178023.5837   83775.8041 7055526.9994       0.0000            0            0            0            0       0.0000       0.0000       0.0000       0.0000
                        550800          400            0            0            0  178023.5837   83775.8041 7055526.9994       0.0000            0            0            0            0       0.0000       0.0000       0.0000       0.0000
