BioMASSver                             0.22
date                             2014/01/14
hour                               15:30:52
biomass.model.physiology.Planktivore1
Girella-Nigricans             
Chopa-verde                   
longevity                              3904
linf                                68.3000
t0                                  -0.4200
k                                    0.2700
a                                    0.0199
b                                    3.0063
newborn_orgs                            800
pop_deathrate                        0.0007
rep_cycle                               365
age_classes                              11
                         steps       orgs00        hid00     killed00    starved00   leanmass00    fatmass00   killmass00  starvemas00       orgs01        hid01     killed01    starved01   leanmass01    fatmass01   killmass01  starvemas01       orgs02        hid02     killed02    starved02   leanmass02    fatmass02   killmass02  starvemas02       orgs03        hid03     killed03    starved03   leanmass03    fatmass03   killmass03  starvemas03       orgs04        hid04     killed04    starved04   leanmass04    fatmass04   killmass04  starvemas04       orgs05        hid05     killed05    starved05   leanmass05    fatmass05   killmass05  starvemas05       orgs06        hid06     killed06    starved06   leanmass06    fatmass06   killmass06  starvemas06       orgs07        hid07     killed07    starved07   leanmass07    fatmass07   killmass07  starvemas07       orgs08        hid08     killed08    starved08   leanmass08    fatmass08   killmass08  starvemas08       orgs09        hid09     killed09    starved09   leanmass09    fatmass09   killmass09  starvemas09       orgs10        hid10     killed10    starved10   leanmass10    fatmass10   killmass10  starvemas10
                             0            0            0            0            0       0.0000       0.0000       0.0000       0.0000            0            0            0            0       0.0000       0.0000       0.0000       0.0000          800            0            0            0  840457.3101  169067.5525       0.0000       0.0000          623            0            0            0 1122589.8540  232088.4095       0.0000       0.0000          485            0            0            0 1242690.6021  258621.2809       0.0000       0.0000          377            0            0            0 1241088.9827  257229.4360       0.0000       0.0000          294            0            0            0 1153740.2478  240212.5186       0.0000       0.0000          229            0            0            0 1021551.2594  205977.4754       0.0000       0.0000          178            0            0            0  871192.1827  182102.4777       0.0000       0.0000          139            0            0            0  731087.1852  150807.1411       0.0000       0.0000            0            0            0            0       0.0000       0.0000       0.0000       0.0000
                          3600            0            0            0            0       0.0000       0.0000       0.0000       0.0000            0            0            0            0       0.0000       0.0000       0.0000       0.0000          615           56          185            0  655299.7421  133434.2563  220827.0316       0.0000          562           43           61            0 1015874.5051  209692.7815  129153.6316       0.0000          453           32           32            0 1164011.3807  242235.3972   95166.6105       0.0000          366           10           11            0 1205144.1020  249203.1022   44059.4911       0.0000          289           11            5            0 1134875.9537  237202.5090   22093.6314       0.0000          224            2            5            0  998947.0959  202797.8771   25925.0596       0.0000          176            1            2            0  861473.0566  179954.9167   12016.7404       0.0000          136            8            3            0  715332.6074  149338.8716   17505.6579       0.0000            0            0            0            0       0.0000       0.0000       0.0000       0.0000
                          7200            0            0            0            0       0.0000       0.0000       0.0000       0.0000            0            0            0            0       0.0000       0.0000       0.0000       0.0000          615           56          185            0  655302.6121  133520.7588  220827.0316       0.0000          562           43           61            0 1015877.2911  209788.7024  129153.6316       0.0000          453           32           32            0 1164013.8335  242272.0902   95166.6105       0.0000          366           10           11            0 1205145.6625  249325.6559   44059.4911       0.0000          289           11            5            0 1134877.1728  237281.4453   22093.6314       0.0000          224            2            5            0  998947.8872  202910.9716   25925.0596       0.0000          176            1            2            0  861473.6764  180073.5102   12016.7404       0.0000          136            8            3            0  715332.9374  149468.2033   17505.6579       0.0000            0            0            0            0       0.0000       0.0000       0.0000       0.0000
                         10800            0            0            0            0       0.0000       0.0000       0.0000       0.0000            0            0            0            0       0.0000       0.0000       0.0000       0.0000          599          124          201            0  638450.0206  130066.9425  241249.5911       0.0000          553          113           70            0 1001683.2145  207210.1602  146039.8397       0.0000          450          126           35            0 1156150.3369  240068.8277  105421.9563       0.0000          364           67           13            0 1198449.1447  248349.8024   52353.1733       0.0000          287           49            7            0 1127381.1700  237273.1817   30300.0551       0.0000          224           14            5            0  998949.4222  203290.8976   25925.0596       0.0000          175           11            3            0  856578.1669  178956.8019   18670.0868       0.0000          136           16            3            0  715333.3639  149659.3971   17505.6579       0.0000            0            0            0            0       0.0000       0.0000       0.0000       0.0000
                         14400            0            0            0            0       0.0000       0.0000       0.0000       0.0000            0            0            0            0       0.0000       0.0000       0.0000       0.0000          599          124          201            0  638456.2163  130293.9503  241249.5911       0.0000          553          113           70            0 1001689.6872  207438.0956  146039.8397       0.0000          450          126           35            0 1156156.0674  240528.7932  105421.9563       0.0000          364           67           13            0 1198450.9741  248743.8053   52353.1733       0.0000          287           49            7            0 1127383.7638  237735.2992   30300.0551       0.0000          224           14            5            0  998950.6200  203916.4870   25925.0596       0.0000          175           11            3            0  856578.4792  179072.8613   18670.0868       0.0000          136           16            3            0  715334.3361  150495.4544   17505.6579       0.0000            0            0            0            0       0.0000       0.0000       0.0000       0.0000
                         18000            0            0            0            0       0.0000       0.0000       0.0000       0.0000            0            0            0            0       0.0000       0.0000       0.0000       0.0000          573          277          227            0  610917.5023  126155.2877  273233.0630       0.0000          544          221           79            0  986108.0312  205918.9021  164072.6661       0.0000          446          263           39            0 1146098.3167  238548.5065  118137.7103       0.0000          364          153           13            0 1198455.8449  249606.3094   52353.1733       0.0000          287          115            7            0 1127386.8533  238762.1753   30300.0551       0.0000          224           72            5            0  998953.2273  204788.6536   25925.0596       0.0000          175           66            3            0  856579.5951  179462.5397   18670.0868       0.0000          136           65            3            0  715335.3474  150859.4806   17505.6579       0.0000            0            0            0            0       0.0000       0.0000       0.0000       0.0000
                         21600            0            0            0            0       0.0000       0.0000       0.0000       0.0000            0            0            0            0       0.0000       0.0000       0.0000       0.0000          573          277          227            0  610930.0294  126662.3828  273233.0630       0.0000          544          221           79            0  986115.9968  206473.9639  164072.6661       0.0000          446          263           39            0 1146105.8377  239650.2568  118137.7103       0.0000          364          153           13            0 1198460.5215  250857.2260   52353.1733       0.0000          287          115            7            0 1127390.9880  239949.5954   30300.0551       0.0000          224           72            5            0  998956.1052  206128.2908   25925.0596       0.0000          175           66            3            0  856581.7150  180809.6419   18670.0868       0.0000          136           65            3            0  715336.9045  152639.4188   17505.6579       0.0000            0            0            0            0       0.0000       0.0000       0.0000       0.0000
                         25200            0            0            0            0       0.0000       0.0000       0.0000       0.0000            0            0            0            0       0.0000       0.0000       0.0000       0.0000          573          277          227            0  610942.7585  127105.1439  273233.0630       0.0000          544          221           79            0  986135.4754  207970.1142  164072.6661       0.0000          446          263           39            0 1146113.6144  240540.9994  118137.7103       0.0000          364          153           13            0 1198466.5917  251755.3648   52353.1733       0.0000          287          115            7            0 1127397.9175  241696.2271   30300.0551       0.0000          224           72            5            0  998960.0644  208116.3122   25925.0596       0.0000          175           66            3            0  856582.9391  181418.2247   18670.0868       0.0000          136           65            3            0  715338.0705  153812.4497   17505.6579       0.0000            0            0            0            0       0.0000       0.0000       0.0000       0.0000
                         28800            0            0            0            0       0.0000       0.0000       0.0000       0.0000            0            0            0            0       0.0000       0.0000       0.0000       0.0000          557          424          243            0  594972.0869  124937.8999  292233.0837       0.0000          540          386           83            0  978825.9150  208056.7338  172625.7020       0.0000          445          430           40            0 1143741.6547  241349.9263  120811.0686       0.0000          364          294           13            0 1198475.2819  253514.7183   52353.1733       0.0000          287          226            7            0 1127405.5455  243980.0673   30300.0551       0.0000          223          188            6            0  994668.7450  207985.3524   31509.8915       0.0000          175          127            3            0  856584.9273  182792.2997   18670.0868       0.0000          136          125            3            0  715339.0903  154765.1624   17505.6579       0.0000            0            0            0            0       0.0000       0.0000       0.0000       0.0000
                         32400            0            0            0            0       0.0000       0.0000       0.0000       0.0000            0            0            0            0       0.0000       0.0000       0.0000       0.0000          557          424          243            0  594987.0028  125580.1175  292233.0837       0.0000          540          386           83            0  978838.7838  209203.8367  172625.7020       0.0000          445          430           40            0 1143753.3884  242787.2629  120811.0686       0.0000          364          294           13            0 1198491.1142  256452.4021   52353.1733       0.0000          287          226            7            0 1127409.4296  245040.8837   30300.0551       0.0000          223          188            6            0  994674.8203  210643.1566   31509.8915       0.0000          175          127            3            0  856586.9366  183681.6520   18670.0868       0.0000          136          125            3            0  715340.8356  156236.5306   17505.6579       0.0000            0            0            0            0       0.0000       0.0000       0.0000       0.0000
