BioMASSver                             0.22
date                             2014/11/11
hour                               18:14:55
biomass.model.taxonomy.Planktivore1
Girella-Nigricans             
Chopa-verde                   
longevity                              3904
linf                                68.3000
t0                                  -0.4200
k                                    0.2700
a                                    0.0199
b                                    3.0063
newborn_orgs                            800
pop_deathrate                        0.0007
rep_cycle                               365
age_classes                              11
                         steps       orgs00        hid00     killed00    starved00   leanmass00    fatmass00   killmass00  starvemas00       orgs01        hid01     killed01    starved01   leanmass01    fatmass01   killmass01  starvemas01       orgs02        hid02     killed02    starved02   leanmass02    fatmass02   killmass02  starvemas02       orgs03        hid03     killed03    starved03   leanmass03    fatmass03   killmass03  starvemas03       orgs04        hid04     killed04    starved04   leanmass04    fatmass04   killmass04  starvemas04       orgs05        hid05     killed05    starved05   leanmass05    fatmass05   killmass05  starvemas05       orgs06        hid06     killed06    starved06   leanmass06    fatmass06   killmass06  starvemas06       orgs07        hid07     killed07    starved07   leanmass07    fatmass07   killmass07  starvemas07       orgs08        hid08     killed08    starved08   leanmass08    fatmass08   killmass08  starvemas08       orgs09        hid09     killed09    starved09   leanmass09    fatmass09   killmass09  starvemas09       orgs10        hid10     killed10    starved10   leanmass10    fatmass10   killmass10  starvemas10
                             0            0            0            0            0       0.0000       0.0000       0.0000       0.0000            0            0            0            0       0.0000       0.0000       0.0000       0.0000          800            0            0            0  844344.3033  172621.8274       0.0000       0.0000          623            0            0            0 1127679.4411  232725.3318       0.0000       0.0000          485            0            0            0 1250174.1829  263577.3806       0.0000       0.0000          377            0            0            0 1243459.2931  256639.3068       0.0000       0.0000          294            0            0            0 1146832.3830  234974.3921       0.0000       0.0000          229            0            0            0 1020891.1873  208827.7575       0.0000       0.0000          178            0            0            0  871799.3559  177596.0315       0.0000       0.0000          139            0            0            0  731192.7557  149392.6131       0.0000       0.0000            0            0            0            0       0.0000       0.0000       0.0000       0.0000
                          3600            0            0            0            0       0.0000       0.0000       0.0000       0.0000            0            0            0            0       0.0000       0.0000       0.0000       0.0000          620           65          180            0  663129.1969  138110.2719  215720.6787       0.0000          549           41           74            0  997456.6478  206897.4603  156212.8590       0.0000          460           32           25            0 1188021.7197  250705.3686   75135.5103       0.0000          365           14           12            0 1204784.3789  249991.6629   45499.4436       0.0000          283           13           11            0 1103837.8370  227624.1924   50569.9740       0.0000          222           11            7            0  989491.3964  205132.6280   35362.9551       0.0000          175            5            3            0  857117.3302  174224.6260   18177.3206       0.0000          138            4            1            0  726009.9849  147977.3384    6698.3732       0.0000            0            0            0            0       0.0000       0.0000       0.0000       0.0000
                          7200            0            0            0            0       0.0000       0.0000       0.0000       0.0000            0            0            0            0       0.0000       0.0000       0.0000       0.0000          620           65          180            0  663131.9352  138154.1271  215720.6787       0.0000          549           41           74            0  997459.1740  206983.8018  156212.8590       0.0000          460           32           25            0 1188023.5243  250821.3005   75135.5103       0.0000          365           14           12            0 1204785.6229  250069.0688   45499.4436       0.0000          283           13           11            0 1103838.5681  227725.7252   50569.9740       0.0000          222           11            7            0  989491.9736  205254.3673   35362.9551       0.0000          175            5            3            0  857117.6504  174252.9175   18177.3206       0.0000          138            4            1            0  726010.0910  148047.1157    6698.3732       0.0000            0            0            0            0       0.0000       0.0000       0.0000       0.0000
                         10800            0            0            0            0       0.0000       0.0000       0.0000       0.0000            0            0            0            0       0.0000       0.0000       0.0000       0.0000          585          174          215            0  627462.1158  132522.6678  257197.4688       0.0000          539          148           84            0  977532.4902  202913.7328  180481.8290       0.0000          457           89           28            0 1180397.4534  249947.7415   84146.9554       0.0000          364           58           13            0 1201348.1733  250345.1780   49231.4709       0.0000          283           45           11            0 1103840.0743  228195.1971   50569.9740       0.0000          222           38            7            0  989492.8927  205457.0096   35362.9551       0.0000          175           25            3            0  857119.2531  175229.0615   18177.3206       0.0000          138           20            1            0  726010.7740  148423.1074    6698.3732       0.0000            0            0            0            0       0.0000       0.0000       0.0000       0.0000
                         14400            0            0            0            0       0.0000       0.0000       0.0000       0.0000            0            0            0            0       0.0000       0.0000       0.0000       0.0000          585          174          215            0  627469.5145  132759.5123  257197.4688       0.0000          539          148           84            0  977538.7702  203435.2671  180481.8290       0.0000          457           89           28            0 1180404.6484  251068.1744   84146.9554       0.0000          364           58           13            0 1201351.8504  250743.7827   49231.4709       0.0000          283           45           11            0 1103843.3401  228832.7710   50569.9740       0.0000          222           38            7            0  989494.9114  206393.4003   35362.9551       0.0000          175           25            3            0  857120.9881  176314.6622   18177.3206       0.0000          138           20            1            0  726011.4938  148937.8163    6698.3732       0.0000            0            0            0            0       0.0000       0.0000       0.0000       0.0000
                         18000            0            0            0            0       0.0000       0.0000       0.0000       0.0000            0            0            0            0       0.0000       0.0000       0.0000       0.0000          570          330          230            0  612199.2098  130131.2075  275354.2234       0.0000          535          289           88            0  969743.2784  202678.3669  189796.8245       0.0000          457          189           28            0 1180412.3831  251908.6485   84146.9554       0.0000          364          158           13            0 1201358.4359  251877.0412   49231.4709       0.0000          283          119           11            0 1103847.5756  229743.6204   50569.9740       0.0000          222          110            7            0  989496.9049  207260.0742   35362.9551       0.0000          175           81            3            0  857122.4132  176925.2555   18177.3206       0.0000          138           68            1            0  726013.2692  150298.8603    6698.3732       0.0000            0            0            0            0       0.0000       0.0000       0.0000       0.0000
                         21600            0            0            0            0       0.0000       0.0000       0.0000       0.0000            0            0            0            0       0.0000       0.0000       0.0000       0.0000          570          330          230            0  612210.7737  130710.1592  275354.2234       0.0000          535          289           88            0  969757.3086  203810.0913  189796.8245       0.0000          457          189           28            0 1180421.9942  253617.8864   84146.9554       0.0000          364          158           13            0 1201366.1634  253393.0398   49231.4709       0.0000          283          119           11            0 1103849.3758  230281.9974   50569.9740       0.0000          222          110            7            0  989500.2952  209109.2749   35362.9551       0.0000          175           81            3            0  857123.8280  178128.8760   18177.3206       0.0000          138           68            1            0  726014.0753  150890.7460    6698.3732       0.0000            0            0            0            0       0.0000       0.0000       0.0000       0.0000
                         25200            0            0            0            0       0.0000       0.0000       0.0000       0.0000            0            0            0            0       0.0000       0.0000       0.0000       0.0000          570          330          230            0  612224.4499  131360.3152  275354.2234       0.0000          535          289           88            0  969771.2568  204975.1108  189796.8245       0.0000          457          189           28            0 1180433.0235  254653.4066   84146.9554       0.0000          364          158           13            0 1201372.8778  254606.4910   49231.4709       0.0000          283          119           11            0 1103855.0761  231878.5901   50569.9740       0.0000          222          110            7            0  989503.8802  210924.3709   35362.9551       0.0000          175           81            3            0  857126.1974  179977.6900   18177.3206       0.0000          138           68            1            0  726016.1682  152381.8029    6698.3732       0.0000            0            0            0            0       0.0000       0.0000       0.0000       0.0000
