BioMASSver                             0.22
date                             2015/08/28
hour                               11:35:26
biomass.model.taxonomy.Planktivore1
Girella-Nigricans             
Chopa-verde                   
longevity                              3904
linf                                68.3000
t0                                  -0.4200
k                                    0.2700
a                                    0.0199
b                                    3.0063
newborn_orgs                            800
pop_deathrate                        0.0007
rep_cycle                               365
age_classes                              11
                         steps       orgs00        hid00     killed00    starved00   leanmass00    fatmass00   killmass00  starvemas00       orgs01        hid01     killed01    starved01   leanmass01    fatmass01   killmass01  starvemas01       orgs02        hid02     killed02    starved02   leanmass02    fatmass02   killmass02  starvemas02       orgs03        hid03     killed03    starved03   leanmass03    fatmass03   killmass03  starvemas03       orgs04        hid04     killed04    starved04   leanmass04    fatmass04   killmass04  starvemas04       orgs05        hid05     killed05    starved05   leanmass05    fatmass05   killmass05  starvemas05       orgs06        hid06     killed06    starved06   leanmass06    fatmass06   killmass06  starvemas06       orgs07        hid07     killed07    starved07   leanmass07    fatmass07   killmass07  starvemas07       orgs08        hid08     killed08    starved08   leanmass08    fatmass08   killmass08  starvemas08       orgs09        hid09     killed09    starved09   leanmass09    fatmass09   killmass09  starvemas09       orgs10        hid10     killed10    starved10   leanmass10    fatmass10   killmass10  starvemas10
                             0            0            0            0            0       0.0000       0.0000       0.0000       0.0000            0            0            0            0       0.0000       0.0000       0.0000       0.0000          800            0            0            0  840785.8513  172981.3132       0.0000       0.0000          623            0            0            0 1128712.7754  231813.1569       0.0000       0.0000          485            0            0            0 1257806.9200  261114.7508       0.0000       0.0000          377            0            0            0 1242982.6149  242932.2092       0.0000       0.0000          294            0            0            0 1154585.3574  230427.3381       0.0000       0.0000          229            0            0            0 1022868.6735  209906.1774       0.0000       0.0000          178            0            0            0  874203.5500  177740.7984       0.0000       0.0000          139            0            0            0  731131.0799  145778.4597       0.0000       0.0000            0            0            0            0       0.0000       0.0000       0.0000       0.0000
                          3600            0            0            0            0       0.0000       0.0000       0.0000       0.0000            0            0            0            0       0.0000       0.0000       0.0000       0.0000          620           68          180            0  656526.3359  135033.8528  222207.8613       0.0000          555           73           68            0 1008988.1743  209131.9284  142517.2077       0.0000          458           28           27            0 1190069.8920  246103.3603   82887.1542       0.0000          369           15            8            0 1216661.2465  238356.5226   31150.4420       0.0000          284            8           10            0 1115631.9163  225705.7782   43831.3762       0.0000          225            3            4            0 1004933.6113  206786.7889   21146.7950       0.0000          176            3            2            0  864460.6822  174542.4555   13091.5091       0.0000          137            1            2            0  720561.5336  145388.2186   11151.9619       0.0000            0            0            0            0       0.0000       0.0000       0.0000       0.0000
                          7200            0            0            0            0       0.0000       0.0000       0.0000       0.0000            0            0            0            0       0.0000       0.0000       0.0000       0.0000          620           68          180            0  656529.4494  135112.0917  222207.8613       0.0000          555           73           68            0 1008990.5681  209283.6781  142517.2077       0.0000          458           28           27            0 1190071.6557  246144.8711   82887.1542       0.0000          369           15            8            0 1216662.9059  238616.8223   31150.4420       0.0000          284            8           10            0 1115633.2000  225939.5358   43831.3762       0.0000          225            3            4            0 1004934.0848  206977.4888   21146.7950       0.0000          176            3            2            0  864461.2748  174638.3795   13091.5091       0.0000          137            1            2            0  720561.9174  145515.7958   11151.9619       0.0000            0            0            0            0       0.0000       0.0000       0.0000       0.0000
                         10800            0            0            0            0       0.0000       0.0000       0.0000       0.0000            0            0            0            0       0.0000       0.0000       0.0000       0.0000          604          165          196            0  639610.5534  130841.5115  243574.0867       0.0000          550          146           73            0 1000633.4072  208592.5455  151875.7733       0.0000          455           90           30            0 1182307.3611  245096.2355   92260.5469       0.0000          369           42            8            0 1216666.1342  238969.5995   31150.4420       0.0000          283           21           11            0 1111891.7664  225647.7693   48246.6918       0.0000          225           21            4            0 1004934.5969  207145.5645   21146.7950       0.0000          176           16            2            0  864461.8752  174940.4065   13091.5091       0.0000          137            8            2            0  720562.6823  145754.7968   11151.9619       0.0000            0            0            0            0       0.0000       0.0000       0.0000       0.0000
                         14400            0            0            0            0       0.0000       0.0000       0.0000       0.0000            0            0            0            0       0.0000       0.0000       0.0000       0.0000          604          165          196            0  639617.5462  131069.7689  243574.0867       0.0000          550          146           73            0 1000642.2362  209128.4818  151875.7733       0.0000          455           90           30            0 1182312.7040  245485.9066   92260.5469       0.0000          369           42            8            0 1216671.6304  240135.0030   31150.4420       0.0000          283           21           11            0 1111894.9200  226233.8889   48246.6918       0.0000          225           21            4            0 1004937.1576  207978.3368   21146.7950       0.0000          176           16            2            0  864462.4970  175303.7013   13091.5091       0.0000          137            8            2            0  720563.5683  146768.7107   11151.9619       0.0000            0            0            0            0       0.0000       0.0000       0.0000       0.0000
                         18000            0            0            0            0       0.0000       0.0000       0.0000       0.0000            0            0            0            0       0.0000       0.0000       0.0000       0.0000          590          295          210            0  624556.3166  128169.9068  261796.0339       0.0000          538          284           85            0  980086.1954  206498.3693  175548.6193       0.0000          455          219           30            0 1182322.7897  246511.2721   92260.5469       0.0000          368          175            9            0 1213694.6460  240068.5482   34599.4380       0.0000          282          121           12            0 1108045.7231  226959.7949   52468.1396       0.0000          225          106            4            0 1004938.9290  208760.2593   21146.7950       0.0000          176           88            2            0  864464.3647  176606.6249   13091.5091       0.0000          137           58            2            0  720564.7031  147691.8244   11151.9619       0.0000            0            0            0            0       0.0000       0.0000       0.0000       0.0000
                         21600            0            0            0            0       0.0000       0.0000       0.0000       0.0000            0            0            0            0       0.0000       0.0000       0.0000       0.0000          590          295          210            0  624568.2973  128719.8693  261796.0339       0.0000          538          284           85            0  980098.9767  207775.0111  175548.6193       0.0000          455          219           30            0 1182332.2012  248032.8925   92260.5469       0.0000          368          175            9            0 1213703.9411  242101.2993   34599.4380       0.0000          282          121           12            0 1108049.0400  227995.8998   52468.1396       0.0000          225          106            4            0 1004943.2720  210996.7263   21146.7950       0.0000          176           88            2            0  864466.4834  178470.3544   13091.5091       0.0000          137           58            2            0  720565.4315  148596.5553   11151.9619       0.0000            0            0            0            0       0.0000       0.0000       0.0000       0.0000
                         25200            0            0            0            0       0.0000       0.0000       0.0000       0.0000            0            0            0            0       0.0000       0.0000       0.0000       0.0000          590          295          210            0  624583.1158  129368.5773  261796.0339       0.0000          538          284           85            0  980110.1343  208730.1031  175548.6193       0.0000          455          219           30            0 1182341.3626  249322.7086   92260.5469       0.0000          368          175            9            0 1213707.8966  242888.6446   34599.4380       0.0000          282          121           12            0 1108054.7943  229709.4332   52468.1396       0.0000          225          106            4            0 1004945.5414  212124.9664   21146.7950       0.0000          176           88            2            0  864468.8023  179740.9522   13091.5091       0.0000          137           58            2            0  720567.5582  149983.8752   11151.9619       0.0000            0            0            0            0       0.0000       0.0000       0.0000       0.0000
                         28800            0            0            0            0       0.0000       0.0000       0.0000       0.0000            0            0            0            0       0.0000       0.0000       0.0000       0.0000          571          441          229            0  604217.4060  126081.9327  286086.5954       0.0000          526          438           97            0  958908.2210  205933.6636  201077.0851       0.0000          453          352           32            0 1177403.7449  248547.8667   98719.2013       0.0000          368          288            9            0 1213718.4010  245410.6895   34599.4380       0.0000          281          205           13            0 1103950.0424  231684.2151   56759.3343       0.0000          225          194            4            0 1004951.8983  215095.2754   21146.7950       0.0000          176          153            2            0  864472.5737  182218.0145   13091.5091       0.0000          137          113            2            0  720568.6097  150976.5799   11151.9619       0.0000            0            0            0            0       0.0000       0.0000       0.0000       0.0000
                         32400            0            0            0            0       0.0000       0.0000       0.0000       0.0000            0            0            0            0       0.0000       0.0000       0.0000       0.0000          571          441          229            0  604233.6663  126858.9722  286086.5954       0.0000          526          438           97            0  958920.1674  207062.6108  201077.0851       0.0000          453          352           32            0 1177414.5158  250273.3517   98719.2013       0.0000          368          288            9            0 1213732.9882  248506.0315   34599.4380       0.0000          281          205           13            0 1103958.6094  234035.6243   56759.3343       0.0000          225          194            4            0 1004956.5477  217145.1098   21146.7950       0.0000          176          153            2            0  864476.1363  184034.5193   13091.5091       0.0000          137          113            2            0  720569.5065  151687.7851   11151.9619       0.0000            0            0            0            0       0.0000       0.0000       0.0000       0.0000
                         36000            0            0            0            0       0.0000       0.0000       0.0000       0.0000            0            0            0            0       0.0000       0.0000       0.0000       0.0000          540          571          260            0  572604.5063  121114.9963  324368.5644       0.0000          518          612          105            0  945043.2218  205123.8992  217894.3231       0.0000          451          500           34            0 1171948.3977  251802.2327  104835.6248       0.0000          367          400           10            0 1210677.2198  249520.7319   38179.7167       0.0000          281          286           13            0 1103971.5200  237604.3493   56759.3343       0.0000          225          239            4            0 1004960.8202  218836.5771   21146.7950       0.0000          176          189            2            0  864479.4513  185805.8858   13091.5091       0.0000          137          136            2            0  720570.1931  152215.8361   11151.9619       0.0000            0            0            0            0       0.0000       0.0000       0.0000       0.0000
                         39600            0            0            0            0       0.0000       0.0000       0.0000       0.0000            0            0            0            0       0.0000       0.0000       0.0000       0.0000          540          571          260            0  572621.5184  121991.5915  324368.5644       0.0000          518          612          105            0  945070.3361  207288.9175  217894.3231       0.0000          451          500           34            0 1171965.5763  253865.1440  104835.6248       0.0000          367          400           10            0 1210691.1336  251769.3578   38179.7167       0.0000          281          286           13            0 1103978.8688  239752.3099   56759.3343       0.0000          225          239            4            0 1004963.2598  219649.6192   21146.7950       0.0000          176          189            2            0  864484.1348  188119.1680   13091.5091       0.0000          137          136            2            0  720574.7741  155015.0632   11151.9619       0.0000            0            0            0            0       0.0000       0.0000       0.0000       0.0000
                         43200            0            0            0            0       0.0000       0.0000       0.0000       0.0000            0            0            0            0       0.0000       0.0000       0.0000       0.0000          540          571          260            0  572638.5686  122738.0511  324368.5644       0.0000          518          612          105            0  945082.5273  208306.0892  217894.3231       0.0000          451          500           34            0 1171980.5818  255444.4507  104835.6248       0.0000          367          400           10            0 1210708.9305  254471.5940   38179.7167       0.0000          281          286           13            0 1103985.6423  241449.9803   56759.3343       0.0000          225          239            4            0 1004969.1553  221503.4454   21146.7950       0.0000          176          189            2            0  864488.3241  189951.7333   13091.5091       0.0000          137          136            2            0  720577.2281  156522.2695   11151.9619       0.0000            0            0            0            0       0.0000       0.0000       0.0000       0.0000
                         46800            0            0            0            0       0.0000       0.0000       0.0000       0.0000            0            0            0            0       0.0000       0.0000       0.0000       0.0000          517          692          283            0  549267.8981  118254.9878  352979.9228       0.0000          511          741          112            0  933449.7619  207402.4184  232286.5380       0.0000          450          579           35            0 1169456.6428  256803.0508  108249.1769       0.0000          366          481           11            0 1207478.9986  254810.3070   42450.5393       0.0000          281          354           13            0 1103995.4997  243749.7372   56759.3343       0.0000          225          286            4            0 1004975.3653  223396.0637   21146.7950       0.0000          176          222            2            0  864492.3009  191526.4310   13091.5091       0.0000          137          166            2            0  720579.8843  158070.3357   11151.9619       0.0000            0            0            0            0       0.0000       0.0000       0.0000       0.0000
                         50400            0            0            0            0       0.0000       0.0000       0.0000       0.0000            0            0            0            0       0.0000       0.0000       0.0000       0.0000          517          692          283            0  549289.6327  119170.4166  352979.9228       0.0000          511          741          112            0  933477.1946  209203.1238  232286.5380       0.0000          450          579           35            0 1169476.2243  258914.9022  108249.1769       0.0000          366          481           11            0 1207492.4489  256838.6992   42450.5393       0.0000          281          354           13            0 1104003.5143  245439.6541   56759.3343       0.0000          225          286            4            0 1004980.4004  224931.7266   21146.7950       0.0000          176          222            2            0  864497.5738  193610.6537   13091.5091       0.0000          137          166            2            0  720580.3688  158339.0849   11151.9619       0.0000            0            0            0            0       0.0000       0.0000       0.0000       0.0000
                         54000            0            0            0            0       0.0000       0.0000       0.0000       0.0000            0            0            0            0       0.0000       0.0000       0.0000       0.0000          501          802          299            0  532569.9436  116749.2272  373473.2843       0.0000          505          839          118            0  921815.7249  209548.6791  245265.9661       0.0000          448          667           37            0 1164392.2420  260483.2057  114247.9569       0.0000          364          544           13            0 1200676.5488  259218.5429   50037.6328       0.0000          280          395           14            0 1100372.6359  244837.3203   61769.1287       0.0000          225          306            4            0 1004986.7792  226583.8362   21146.7950       0.0000          176          247            2            0  864498.8847  194064.0089   13091.5091       0.0000          137          186            2            0  720583.6161  159768.6919   11151.9619       0.0000            0            0            0            0       0.0000       0.0000       0.0000       0.0000
                         57600            0            0            0            0       0.0000       0.0000       0.0000       0.0000            0            0            0            0       0.0000       0.0000       0.0000       0.0000          501          802          299            0  532592.9899  117588.1407  373473.2843       0.0000          505          839          118            0  921837.7698  210917.3955  245265.9661       0.0000          448          667           37            0 1164422.7423  263298.1813  114247.9569       0.0000          364          544           13            0 1200692.3440  261216.8509   50037.6328       0.0000          280          395           14            0 1100381.8486  246513.0259   61769.1287       0.0000          225          306            4            0 1004996.0023  228881.4332   21146.7950       0.0000          176          247            2            0  864504.4619  195979.6548   13091.5091       0.0000          137          186            2            0  720584.7923  160259.1521   11151.9619       0.0000            0            0            0            0       0.0000       0.0000       0.0000       0.0000
                         61200            0            0            0            0       0.0000       0.0000       0.0000       0.0000            0            0            0            0       0.0000       0.0000       0.0000       0.0000          490          876          310            0  521302.6880  115646.6408  387125.2394       0.0000          501          937          122            0  914740.0007  211196.2179  253683.4282       0.0000          446          724           39            0 1158819.1395  264773.8447  120984.2133       0.0000          364          602           13            0 1200710.1718  263375.5835   50037.6328       0.0000          280          432           14            0 1100396.1201  248952.8535   61769.1287       0.0000          225          335            4            0 1005007.0308  231390.8099   21146.7950       0.0000          176          266            2            0  864509.6066  197603.4480   13091.5091       0.0000          136          199            3            0  715250.0809  161384.6648   16864.7580       0.0000            0            0            0            0       0.0000       0.0000       0.0000       0.0000
                         64800            0            0            0            0       0.0000       0.0000       0.0000       0.0000            0            0            0            0       0.0000       0.0000       0.0000       0.0000          490          876          310            0  521335.3824  116784.7841  387125.2394       0.0000          501          937          122            0  914767.7091  212818.5622  253683.4282       0.0000          446          724           39            0 1158849.2104  267155.0777  120984.2133       0.0000          364          602           13            0 1200733.8900  266298.3568   50037.6328       0.0000          280          432           14            0 1100410.2566  251211.8524   61769.1287       0.0000          225          335            4            0 1005019.6947  233981.6463   21146.7950       0.0000          176          266            2            0  864514.2991  198998.7705   13091.5091       0.0000          136          199            3            0  715256.9338  164110.5273   16864.7580       0.0000            0            0            0            0       0.0000       0.0000       0.0000       0.0000
                         68400            0            0            0            0       0.0000       0.0000       0.0000       0.0000            0            0            0            0       0.0000       0.0000       0.0000       0.0000          490          876          310            0  521363.4510  117667.0347  387125.2394       0.0000          501          937          122            0  914805.4769  214792.2193  253683.4282       0.0000          446          724           39            0 1158877.7512  269345.8017  120984.2133       0.0000          364          602           13            0 1200753.7352  268491.8806   50037.6328       0.0000          280          432           14            0 1100428.6539  253969.1440   61769.1287       0.0000          225          335            4            0 1005036.7085  237620.2781   21146.7950       0.0000          176          266            2            0  864516.7888  199687.2990   13091.5091       0.0000          136          199            3            0  715258.9157  164848.3108   16864.7580       0.0000            0            0            0            0       0.0000       0.0000       0.0000       0.0000
                         72000            0            0            0            0       0.0000       0.0000       0.0000       0.0000            0            0            0            0       0.0000       0.0000       0.0000       0.0000          476          943          324            0  507649.8042  115152.4715  404191.0564       0.0000          493         1009          130            0  900092.5275  214051.9268  270737.0361       0.0000          445          823           40            0 1156522.1886  270521.5971  124193.3747       0.0000          363          647           14            0 1197298.7289  270831.1559   54399.9025       0.0000          278          464           16            0 1092602.4797  254941.9513   70676.3546       0.0000          225          365            4            0 1005043.1832  238850.8171   21146.7950       0.0000          176          287            2            0  864524.6293  201769.1777   13091.5091       0.0000          136          210            3            0  715261.7358  165825.1027   16864.7580       0.0000            0            0            0            0       0.0000       0.0000       0.0000       0.0000
                         75600            0            0            0            0       0.0000       0.0000       0.0000       0.0000            0            0            0            0       0.0000       0.0000       0.0000       0.0000          476          943          324            0  507696.7430  116489.5934  404191.0564       0.0000          493         1009          130            0  900136.0708  215993.1244  270737.0361       0.0000          445          823           40            0 1156557.1755  273028.6170  124193.3747       0.0000          363          647           14            0 1197317.8977  272681.7264   54399.9025       0.0000          278          464           16            0 1092616.2673  256768.1413   70676.3546       0.0000          225          365            4            0 1005056.8817  241349.6510   21146.7950       0.0000          176          287            2            0  864531.8999  203665.0466   13091.5091       0.0000          136          210            3            0  715265.2274  167068.0218   16864.7580       0.0000            0            0            0            0       0.0000       0.0000       0.0000       0.0000
                         79200            0            0            0            0       0.0000       0.0000       0.0000       0.0000            0            0            0            0       0.0000       0.0000       0.0000       0.0000          461         1008          339            0  492511.1996  114506.8460  423081.0580       0.0000          488         1078          135            0  890198.9230  214964.0283  283152.0412       0.0000          442          877           43            0 1148996.7576  273868.8931  133548.8729       0.0000          361          698           16            0 1191092.6710  274090.2817   61922.1488       0.0000          278          501           16            0 1092626.4131  258010.3079   70676.3546       0.0000          225          407            4            0 1005063.8331  242658.6160   21146.7950       0.0000          175          304            3            0  859692.5784  204313.3228   19385.2661       0.0000          135          230            4            0  710095.3392  168174.8188   22436.0450       0.0000            0            0            0            0       0.0000       0.0000       0.0000       0.0000
                         82800            0            0            0            0       0.0000       0.0000       0.0000       0.0000            0            0            0            0       0.0000       0.0000       0.0000       0.0000          461         1008          339            0  492549.7883  115598.4260  423081.0580       0.0000          488         1078          135            0  890240.7660  216698.6754  283152.0412       0.0000          442          877           43            0 1149027.7490  275740.9622  133548.8729       0.0000          361          698           16            0 1191115.4375  276119.2140   61922.1488       0.0000          278          501           16            0 1092641.5495  259854.8168   70676.3546       0.0000          225          407            4            0 1005073.4835  244331.5312   21146.7950       0.0000          175          304            3            0  859697.7117  205455.5924   19385.2661       0.0000          135          230            4            0  710101.2238  169878.2222   22436.0450       0.0000            0            0            0            0       0.0000       0.0000       0.0000       0.0000
                         86400            0            0            0            0       0.0000       0.0000       0.0000       0.0000            0            0            0            0       0.0000       0.0000       0.0000       0.0000          461         1008          339            0  492603.9202  117093.4554  423081.0580       0.0000          488         1078          135            0  890303.2128  219216.7113  283152.0412       0.0000          442          877           43            0 1149076.3827  278599.2094  133548.8729       0.0000          361          698           16            0 1191141.4015  278230.5481   61922.1488       0.0000          278          501           16            0 1092660.5717  262047.9685   70676.3546       0.0000          225          407            4            0 1005091.5027  247241.7353   21146.7950       0.0000          175          304            3            0  859706.1431  207328.4682   19385.2661       0.0000          135          230            4            0  710105.3962  171130.3493   22436.0450       0.0000            0            0            0            0       0.0000       0.0000       0.0000       0.0000
                         90000            0            0            0            0       0.0000       0.0000       0.0000       0.0000            0            0            0            0       0.0000       0.0000       0.0000       0.0000          451         1062          365            0  476036.3036  114658.9910  456658.0398       0.0000          484         1176          139            0  883660.2532  219194.3648  291472.4150       0.0000          440          940           43            0 1143209.6325  279229.8921  133548.8729       0.0000          363          754           16            0 1197068.8887  281857.8207   61922.1488       0.0000          278          530           16            0 1092679.9445  264106.0799   70676.3546       0.0000          225          443            4            0 1005099.4545  248503.7561   21146.7950       0.0000          175          326            3            0  859711.4476  208529.8567   19385.2661       0.0000          134          245            5            0  704861.3111  171902.9379   28129.1750       0.0000            0            0            0            0       0.0000       0.0000       0.0000       0.0000
                         93600            0            0            0            0       0.0000       0.0000       0.0000       0.0000            0            0            0            0       0.0000       0.0000       0.0000       0.0000          475         1062          365            0  493277.1467  119596.6080  456658.0398       0.0000          484         1176          139            0  883698.5883  220776.9708  291472.4150       0.0000          440          940           43            0 1143238.5109  280902.7153  133548.8729       0.0000          362          754           16            0 1193465.0290  283556.2748   61922.1488       0.0000          279          530           16            0 1096329.8402  267174.4337   70676.3546       0.0000          225          443            4            0 1005107.4427  249786.3419   21146.7950       0.0000          175          326            3            0  859719.8530  210332.6779   19385.2661       0.0000          134          245            5            0  704866.9937  173644.8655   28129.1750       0.0000            0            0            0            0       0.0000       0.0000       0.0000       0.0000
                         97200            0            0            0            0       0.0000       0.0000       0.0000       0.0000            0            0            0            0       0.0000       0.0000       0.0000       0.0000          478         1137          386            0  491424.5327  119476.3120  479951.2400       0.0000          479         1265          144            0  875581.7574  220523.6721  301968.2989       0.0000          438         1022           45            0 1138148.1404  282536.0230  139980.9043       0.0000          360          796           18            0 1187130.6518  284893.9694   69547.0078       0.0000          279          569           16            0 1096354.0654  269965.8949   70676.3546       0.0000          224          475            5            0 1000656.2652  249753.1934   26461.2545       0.0000          174          347            4            0  854664.3952  211270.0909   24937.5769       0.0000          134          260            5            0  704874.6769  175868.8204   28129.1750       0.0000            0            0            0            0       0.0000       0.0000       0.0000       0.0000
                        100800            0            0            0            0       0.0000       0.0000       0.0000       0.0000            0            0            0            0       0.0000       0.0000       0.0000       0.0000          510         1137          386            0  514392.4038  125584.9642  479951.2400       0.0000          479         1265          144            0  875639.1883  222820.8821  301968.2989       0.0000          438         1022           45            0 1138183.1094  284584.7163  139980.9043       0.0000          360          796           18            0 1187167.9321  287981.6179   69547.0078       0.0000          279          569           16            0 1096375.2114  272340.4934   70676.3546       0.0000          224          475            5            0 1000673.5415  252475.2175   26461.2545       0.0000          173          347            4            0  849577.7641  211389.7849   24937.5769       0.0000          135          260            5            0  709970.6993  178137.7325   28129.1750       0.0000            0            0            0            0       0.0000       0.0000       0.0000       0.0000
                        104400            0            0            0            0       0.0000       0.0000       0.0000       0.0000            0            0            0            0       0.0000       0.0000       0.0000       0.0000          511         1180          401            0  508872.8698  125390.8205  500698.1367       0.0000          469         1315          154            0  858729.0624  220423.8563  323516.4590       0.0000          436         1071           47            0 1133414.1927  286865.5864  145371.1865       0.0000          360          841           18            0 1187180.8611  289077.2374   69547.0078       0.0000          279          608           16            0 1096397.5639  274970.8490   70676.3546       0.0000          223          489            6            0  996107.8991  253356.3411   31600.4171       0.0000          172          366            5            0  844818.5981  212336.3993   30780.0188       0.0000          135          279            5            0  709976.8935  179853.8540   28129.1750       0.0000            0            0            0            0       0.0000       0.0000       0.0000       0.0000
                        108000            0            0            0            0       0.0000       0.0000       0.0000       0.0000            0            0            0            0       0.0000       0.0000       0.0000       0.0000          526         1180          401            0  518952.5720  128329.1530  500698.1367       0.0000          470         1315          154            0  860199.9814  222693.0352  323516.4590       0.0000          436         1071           47            0 1133453.1341  289242.4035  145371.1865       0.0000          360          841           18            0 1187221.5234  292492.1289   69547.0078       0.0000          279          608           16            0 1096412.0600  276663.8195   70676.3546       0.0000          223          489            6            0  996126.5986  256031.4720   31600.4171       0.0000          172          366            5            0  844828.1304  214406.3436   30780.0188       0.0000          135          279            5            0  709980.1326  180844.6764   28129.1750       0.0000            0            0            0            0       0.0000       0.0000       0.0000       0.0000
                        111600            0            0            0            0       0.0000       0.0000       0.0000       0.0000            0            0            0            0       0.0000       0.0000       0.0000       0.0000          534         1180          401            0  524720.4483  130645.5333  500698.1367       0.0000          470         1315          154            0  860238.3155  224275.7024  323516.4590       0.0000          436         1071           47            0 1133487.9479  291326.7110  145371.1865       0.0000          360          841           18            0 1187236.0882  293731.4180   69547.0078       0.0000          279          608           16            0 1096435.0976  279226.6495   70676.3546       0.0000          223          489            6            0  996134.9646  257248.8383   31600.4171       0.0000          172          366            5            0  844836.7844  216247.1691   30780.0188       0.0000          134          279            5            0  704581.0514  181516.6615   28129.1750       0.0000            1            0            0            0    5406.1166    1244.6092       0.0000       0.0000
                        115200            0            0            0            0       0.0000       0.0000       0.0000       0.0000            0            0            0            0       0.0000       0.0000       0.0000       0.0000          529         1242          414            0  517123.5654  128291.9464  518469.5125       0.0000          462         1382          162            0  845524.5864  222193.8688  342395.9553       0.0000          432         1122           51            0 1123532.8136  290143.6601  157351.5795       0.0000          358          872           20            0 1180490.3729  294807.7319   77795.2676       0.0000          278          646           17            0 1092727.0776  280263.9991   75374.9098       0.0000          223          509            6            0  996155.0665  260314.7949   31600.4171       0.0000          172          377            5            0  844848.6978  218748.9745   30780.0188       0.0000          134          298            5            0  704584.4774  182512.2645   28129.1750       0.0000            1            0            0            0    5406.1166    1244.6092       0.0000       0.0000
                        118800            0            0            0            0       0.0000       0.0000       0.0000       0.0000            0            0            0            0       0.0000       0.0000       0.0000       0.0000          545         1242          414            0  528621.1402  131639.6003  518469.5125       0.0000          462         1382          162            0  845556.4926  223481.1751  342395.9553       0.0000          432         1122           51            0 1123561.4374  291879.8772  157351.5795       0.0000          358          872           20            0 1180531.5469  298082.6310   77795.2676       0.0000          278          646           17            0 1092751.4043  282948.6648   75374.9098       0.0000          223          509            6            0  996168.1622  262381.1053   31600.4171       0.0000          172          377            5            0  844858.7300  220689.9554   30780.0188       0.0000          134          298            5            0  704586.9970  183235.2119   28129.1750       0.0000            1            0            0            0    5406.1166    1244.6092       0.0000       0.0000
                        122400            0            0            0            0       0.0000       0.0000       0.0000       0.0000            0            0            0            0       0.0000       0.0000       0.0000       0.0000          546         1302          429            0  526452.5391  132069.9677  535010.7337       0.0000          451         1439          173            0  825486.3715  218672.4756  368389.0876       0.0000          425         1163           58            0 1106280.0667  290705.0306  178644.6783       0.0000          357          913           21            0 1177546.3713  298559.1056   81513.6142       0.0000          276          681           19            0 1085415.0427  285043.8952   83971.8983       0.0000          223          541            6            0  996178.8840  264038.0124   31600.4171       0.0000          172          409            5            0  844867.1411  222476.5738   30780.0188       0.0000          134          309            5            0  704588.7504  183750.7346   28129.1750       0.0000            1            1            0            0    5406.1166    1244.6092       0.0000       0.0000
                        126000            0            0            0            0       0.0000       0.0000       0.0000       0.0000            0            0            0            0       0.0000       0.0000       0.0000       0.0000          554         1302          429            0  532219.9524  134127.2589  535010.7337       0.0000          451         1439          173            0  825537.3499  220710.1320  368389.0876       0.0000          425         1163           58            0 1106317.3534  292811.4030  178644.6783       0.0000          357          913           21            0 1177576.2558  301015.1229   81513.6142       0.0000          276          681           19            0 1085431.8281  287096.6989   83971.8983       0.0000          223          541            6            0  996184.3545  264830.0344   31600.4171       0.0000          172          409            5            0  844877.9024  224756.8352   30780.0188       0.0000          134          309            5            0  704599.1538  186683.1693   28129.1750       0.0000            1            1            0            0    5406.1166    1244.6092       0.0000       0.0000
                        129600            0            0            0            0       0.0000       0.0000       0.0000       0.0000            0            0            0            0       0.0000       0.0000       0.0000       0.0000          594         1302          429            0  560912.0572  140621.9015  535010.7337       0.0000          451         1439          173            0  825560.8500  221684.7259  368389.0876       0.0000          425         1163           58            0 1106346.3768  294436.1257  178644.6783       0.0000          357          913           21            0 1177613.6034  304042.3808   81513.6142       0.0000          276          681           19            0 1085445.9797  288747.9790   83971.8983       0.0000          223          541            6            0  996196.5301  266667.8193   31600.4171       0.0000          171          409            5            0  839795.7283  225663.4895   30780.0188       0.0000          135          309            5            0  709695.1949  189055.0114   28129.1750       0.0000            1            1            0            0    5406.1166    1244.6092       0.0000       0.0000
                        133200            0            0            0            0       0.0000       0.0000       0.0000       0.0000            0            0            0            0       0.0000       0.0000       0.0000       0.0000          612         1348          443            0  570343.8321  142381.3151  552198.0087       0.0000          442         1488          182            0  809186.0081  219462.1860  388897.6765       0.0000          423         1215           60            0 1101951.2633  295278.3420  184133.3424       0.0000          353          959           25            0 1164970.3642  302378.1300   97229.0657       0.0000          276          723           19            0 1085464.7538  290998.2412   83971.8983       0.0000          223          575            6            0  996207.2730  268304.7039   31600.4171       0.0000          171          435            5            0  839803.3864  227224.8810   30780.0188       0.0000          135          320            5            0  709699.3992  190316.5890   28129.1750       0.0000            1            1            0            0    5406.1166    1244.6092       0.0000       0.0000
                        136800            0            0            0            0       0.0000       0.0000       0.0000       0.0000            0            0            0            0       0.0000       0.0000       0.0000       0.0000          628         1348          443            0  581837.1527  145602.8898  552198.0087       0.0000          442         1488          182            0  809232.7777  221282.3100  388897.6765       0.0000          423         1215           60            0 1101986.0673  297360.6987  184133.3424       0.0000          353          959           25            0 1164992.5743  304216.1356   97229.0657       0.0000          276          723           19            0 1085478.9354  292669.4068   83971.8983       0.0000          223          575            6            0  996216.1605  269769.1098   31600.4171       0.0000          170          435            5            0  834721.7788  227809.2759   30780.0188       0.0000          136          320            5            0  714791.1684  192043.7252   28129.1750       0.0000            1            1            0            0    5406.1166    1244.6092       0.0000       0.0000
                        140400            0            0            0            0       0.0000       0.0000       0.0000       0.0000            0            0            0            0       0.0000       0.0000       0.0000       0.0000          630         1389          465            0  579205.0083  144810.4218  577472.2725       0.0000          436         1527          188            0  798062.2647  220176.8333  402780.9406       0.0000          417         1261           66            0 1086626.6368  295291.1253  204095.8428       0.0000          352         1005           26            0 1162013.5210  306496.4304  100987.0156       0.0000          276          755           19            0 1085483.3996  293246.4598   83971.8983       0.0000          223          597            6            0  996226.8871  271389.8597   31600.4171       0.0000          170          456            5            0  834723.9288  228251.8455   30780.0188       0.0000          136          339            5            0  714796.5513  193476.9060   28129.1750       0.0000            1            1            0            0    5406.1166    1244.6092       0.0000       0.0000
                        144000            0            0            0            0       0.0000       0.0000       0.0000       0.0000            0            0            0            0       0.0000       0.0000       0.0000       0.0000          654         1389          465            0  596427.2419  148953.6918  577472.2725       0.0000          436         1527          188            0  798087.8427  221194.0218  402780.9406       0.0000          417         1261           66            0 1086673.8046  298118.2962  204095.8428       0.0000          352         1005           26            0 1162033.8900  308189.8485  100987.0156       0.0000          276          755           19            0 1085497.6817  294930.2418   83971.8983       0.0000          223          597            6            0  996241.1415  273603.0673   31600.4171       0.0000          170          456            5            0  834732.4817  230121.5986   30780.0188       0.0000          136          339            5            0  714798.3728  193959.5423   28129.1750       0.0000            1            1            0            0    5406.1166    1244.6092       0.0000       0.0000
                        147600            0            0            0            0       0.0000       0.0000       0.0000       0.0000            0            0            0            0       0.0000       0.0000       0.0000       0.0000          659         1443          476            0  597859.3061  149366.3466  589828.1999       0.0000          434         1602          190            0  794941.6528  221893.0816  406728.1118       0.0000          416         1338           67            0 1084136.5791  299547.5212  207703.4274       0.0000          350         1042           28            0 1155513.8140  308621.0339  109230.8410       0.0000          276          784           19            0 1085518.3071  297322.8461   83971.8983       0.0000          223          626            6            0  996257.1821  276081.5465   31600.4171       0.0000          170          481            5            0  834739.0309  231487.2827   30780.0188       0.0000          136          350            5            0  714803.5507  195438.9230   28129.1750       0.0000            1            1            0            0    5406.1166    1244.6092       0.0000       0.0000
                        151200            0            0            0            0       0.0000       0.0000       0.0000       0.0000            0            0            0            0       0.0000       0.0000       0.0000       0.0000          699         1443          476            0  626554.9953  155786.8047  589828.1999       0.0000          434         1602          190            0  794979.9993  223365.3808  406728.1118       0.0000          416         1338           67            0 1084177.8293  301872.3690  207703.4274       0.0000          350         1042           28            0 1155546.4821  311520.8002  109230.8410       0.0000          276          784           19            0 1085537.7049  299533.4133   83971.8983       0.0000          223          626            6            0  996274.5854  278621.0515   31600.4171       0.0000          170          481            5            0  834745.4868  232866.3829   30780.0188       0.0000          136          350            5            0  714812.9396  198140.3064   28129.1750       0.0000            1            1            0            0    5406.1166    1244.6092       0.0000       0.0000
                        154800            0            0            0            0       0.0000       0.0000       0.0000       0.0000            0            0            0            0       0.0000       0.0000       0.0000       0.0000          747         1443          476            0  660974.4940  163431.7512  589828.1999       0.0000          434         1602          190            0  795020.4177  224971.7475  406728.1118       0.0000          416         1338           67            0 1084214.8593  304055.4884  207703.4274       0.0000          350         1042           28            0 1155572.3648  313687.3698  109230.8410       0.0000          276          784           19            0 1085561.6618  302237.7507   83971.8983       0.0000          223          626            6            0  996296.6237  282187.8383   31600.4171       0.0000          170          481            5            0  834748.7178  233546.6139   30780.0188       0.0000          136          350            5            0  714815.4927  198880.0728   28129.1750       0.0000            1            1            0            0    5406.1166    1244.6092       0.0000       0.0000
                        158400            0            0            0            0       0.0000       0.0000       0.0000       0.0000            0            0            0            0       0.0000       0.0000       0.0000       0.0000          753         1509          494            0  664090.9238  164314.8449  607154.7831       0.0000          425         1645          199            0  778698.4027  221166.1592  428374.2916       0.0000          411         1398           72            0 1071043.6756  302605.8390  224188.7317       0.0000          350         1077           28            0 1155609.6773  316712.7315  109230.8410       0.0000          273          806           22            0 1073170.1550  301138.3458   99469.3357       0.0000          222          649            7            0  991745.0387  282054.0605   37514.8919       0.0000          169          503            6            0  829717.5304  234897.7889   36516.8798       0.0000          135          363            5            0  709412.8452  197613.5328   28129.1750       0.0000            2            1            0            0   10812.2333    3473.5271       0.0000       0.0000
                        162000            0            0            0            0       0.0000       0.0000       0.0000       0.0000            0            0            0            0       0.0000       0.0000       0.0000       0.0000          761         1509          494            0  669860.1304  166813.6859  607154.7831       0.0000          425         1645          199            0  778749.3232  223071.2612  428374.2916       0.0000          411         1398           72            0 1071080.4707  304801.8329  224188.7317       0.0000          350         1077           28            0 1155630.1298  318401.9225  109230.8410       0.0000          273          806           22            0 1073186.3239  302931.1813   99469.3357       0.0000          222          649            7            0  991761.0423  284563.2907   37514.8919       0.0000          169          503            6            0  829724.9283  236531.2028   36516.8798       0.0000          135          363            5            0  709416.9077  198841.3035   28129.1750       0.0000            2            1            0            0   10812.2333    3473.5271       0.0000       0.0000
                        165600            0            0            0            0       0.0000       0.0000       0.0000       0.0000            0            0            0            0       0.0000       0.0000       0.0000       0.0000          747         1569          508            0  657038.4635  163979.7843  623947.7603       0.0000          419         1708          205            0  766940.4377  221623.8382  443018.0177       0.0000          410         1466           73            0 1068208.2491  306652.8542  227810.7456       0.0000          347         1135           31            0 1145484.2648  318559.7257  121869.2101       0.0000          273          841           22            0 1073197.5589  304166.6110   99469.3357       0.0000          222          685            7            0  991768.8342  285832.6898   37514.8919       0.0000          169          520            6            0  829734.7597  238618.5176   36516.8798       0.0000          135          379            5            0  709422.0960  200302.4468   28129.1750       0.0000            2            2            0            0   10812.2333    3473.5271       0.0000       0.0000
                        169200            0            0            0            0       0.0000       0.0000       0.0000       0.0000            0            0            0            0       0.0000       0.0000       0.0000       0.0000          747         1569          508            0  657072.3325  164853.1871  623947.7603       0.0000          419         1708          205            0  766974.4633  222938.5011  443018.0177       0.0000          409         1466           73            0 1065288.2440  307200.0005  227810.7456       0.0000          348         1135           31            0 1148459.6112  321695.9869  121869.2101       0.0000          273          841           22            0 1073213.6142  305981.7032   99469.3357       0.0000          222          685            7            0  991779.1327  287485.7557   37514.8919       0.0000          169          520            6            0  829739.0707  239528.8462   36516.8798       0.0000          135          379            5            0  709428.3602  201978.0733   28129.1750       0.0000            2            2            0            0   10812.2333    3473.5271       0.0000       0.0000
                        172800            0            0            0            0       0.0000       0.0000       0.0000       0.0000            0            0            0            0       0.0000       0.0000       0.0000       0.0000          771         1569          508            0  674312.0612  168596.0571  623947.7603       0.0000          419         1708          205            0  767034.0149  225299.4452  443018.0177       0.0000          409         1466           73            0 1065333.6578  309837.8964  227810.7456       0.0000          348         1135           31            0 1148486.0354  323784.8366  121869.2101       0.0000          273          841           22            0 1073232.9566  308131.8071   99469.3357       0.0000          222          685            7            0  991797.4583  290379.3273   37514.8919       0.0000          169          520            6            0  829747.6799  241372.4401   36516.8798       0.0000          135          379            5            0  709432.6055  203205.7952   28129.1750       0.0000            2            2            0            0   10812.2333    3473.5271       0.0000       0.0000
                        176400            0            0            0            0       0.0000       0.0000       0.0000       0.0000            0            0            0            0       0.0000       0.0000       0.0000       0.0000          784         1627          526            1  677813.9922  169048.2769  647873.4867     730.2117          409         1748          214            0  748094.5322  220356.0554  465033.7343       0.0000          408         1530           75            0 1061884.0525  310559.1313  235158.2856       0.0000          348         1176           31            0 1148515.4334  326285.3511  121869.2101       0.0000          273          867           22            0 1073252.2869  310246.6460   99469.3357       0.0000          222          717            7            0  991805.4058  291621.6509   37514.8919       0.0000          167          538            8            0  820029.3468  241069.9829   47708.4314       0.0000          135          391            5            0  709436.9930  204372.2098   28129.1750       0.0000            2            2            0            0   10812.2333    3473.5271       0.0000       0.0000
                        180000            0            0            0            0       0.0000       0.0000       0.0000       0.0000            0            0            0            0       0.0000       0.0000       0.0000       0.0000          800         1627          526            1  689321.0017  172561.4921  647873.4867     730.2117          408         1748          214            0  745934.8601  220937.0229  465033.7343       0.0000          409         1530           75            0 1064110.8167  313226.0878  235158.2856       0.0000          348         1176           31            0 1148537.4344  328160.6448  121869.2101       0.0000          273          867           22            0 1073272.9515  312630.5472   99469.3357       0.0000          222          717            7            0  991812.0578  292653.4587   37514.8919       0.0000          167          538            8            0  820037.7472  242852.8157   47708.4314       0.0000          135          391            5            0  709442.6719  206064.7903   28129.1750       0.0000            2            2            0            0   10812.2333    3473.5271       0.0000       0.0000
                        183600            0            0            0            0       0.0000       0.0000       0.0000       0.0000            0            0            0            0       0.0000       0.0000       0.0000       0.0000          824         1709          542            1  701407.3235  174638.8609  668725.5863     730.2117          406         1807          216            0  742108.9136  221605.6267  470180.5042       0.0000          405         1574           79            0 1052851.4240  313310.3127  249178.7275       0.0000          346         1214           33            0 1142126.2417  329547.5057  129399.4769       0.0000          273          902           22            0 1073297.1656  315366.0566   99469.3357       0.0000          221          739            8            0  987370.2209  291960.5386   43469.5442       0.0000          167          552            8            0  820043.9449  244238.8768   47708.4314       0.0000          135          408            5            0  709450.3503  208247.8619   28129.1750       0.0000            2            2            0            0   10812.2333    3473.5271       0.0000       0.0000
                        187200            0            0            0            0       0.0000       0.0000       0.0000       0.0000            0            0            0            0       0.0000       0.0000       0.0000       0.0000          840         1709          542            1  712911.8766  177966.0344  668725.5863     730.2117          406         1807          216            0  742153.5957  223266.1038  470180.5042       0.0000          405         1574           79            0 1052882.2390  315095.9141  249178.7275       0.0000          346         1214           33            0 1142161.7370  332434.0619  129399.4769       0.0000          273          902           22            0 1073316.6113  317469.8683   99469.3357       0.0000          221          739            8            0  987386.2207  294409.5196   43469.5442       0.0000          167          552            8            0  820047.2452  244897.3997   47708.4314       0.0000          135          408            5            0  709456.4355  209951.9393   28129.1750       0.0000            2            2            0            0   10812.2333    3473.5271       0.0000       0.0000
                        190800            0            0            0            0       0.0000       0.0000       0.0000       0.0000            0            0            0            0       0.0000       0.0000       0.0000       0.0000          836         1783          554            1  706279.5274  175965.9542  685032.8684     730.2117          395         1849          227            0  722683.7863  219086.3587  495486.0073       0.0000          401         1612           83            0 1042775.7979  313440.7064  263660.6205       0.0000          345         1253           34            0 1138848.2173  331633.1615  134227.6885       0.0000          273          930           22            0 1073338.6932  320044.6444   99469.3357       0.0000          221          754            8            0  987395.3684  295838.5499   43469.5442       0.0000          167          570            8            0  820056.8075  246765.3482   47708.4314       0.0000          134          429            6            0  704280.7940  210573.2187   34366.1186       0.0000            2            2            0            0   10812.2333    3473.5271       0.0000       0.0000
                        194400            0            0            0            0       0.0000       0.0000       0.0000       0.0000            0            0            0            0       0.0000       0.0000       0.0000       0.0000          876         1783          554            1  734984.4824  182745.4971  685032.8684     730.2117          395         1849          227            0  722722.0555  220539.2976  495486.0073       0.0000          401         1612           83            0 1042808.4489  315415.7422  263660.6205       0.0000          345         1253           34            0 1138888.8648  334900.1999  134227.6885       0.0000          273          930           22            0 1073351.4744  321398.6332   99469.3357       0.0000          221          754            8            0  987412.7823  298078.9845   43469.5442       0.0000          167          570            8            0  820066.3341  248810.3006   47708.4314       0.0000          134          429            6            0  704284.0310  211557.5442   34366.1186       0.0000            2            2            0            0   10812.2333    3473.5271       0.0000       0.0000
                        198000            0            0            0            0       0.0000       0.0000       0.0000       0.0000            0            0            0            0       0.0000       0.0000       0.0000       0.0000          908         1783          554            1  757949.1236  188194.8395  685032.8684     730.2117          395         1849          227            0  722753.9778  221747.0720  495486.0073       0.0000          401         1612           83            0 1042839.1193  317181.4557  263660.6205       0.0000          345         1253           34            0 1138903.4241  336140.5470  134227.6885       0.0000          273          930           22            0 1073374.0249  323871.3655   99469.3357       0.0000          221          754            8            0  987421.1438  299161.1412   43469.5442       0.0000          167          570            8            0  820074.9830  250402.9743   47708.4314       0.0000          134          429            6            0  704289.3936  212951.2091   34366.1186       0.0000            2            2            0            0   10813.0004    3707.3338       0.0000       0.0000
                        201600            0            0            0            0       0.0000       0.0000       0.0000       0.0000            0            0            0            0       0.0000       0.0000       0.0000       0.0000          892         1832          577            2  742372.3460  184425.3959  710868.4361    1461.6129          389         1901          233            0  712759.6349  220353.3072  508670.1906       0.0000          398         1664           86            0 1035252.9070  315306.2001  273737.6346       0.0000          343         1285           36            0 1132053.3729  336552.7995  142862.2720       0.0000          270          960           25            0 1061263.0752  322353.9249  114897.9568       0.0000          220          774            9            0  983049.4983  300859.3519   49054.8285       0.0000          167          583            8            0  820086.8894  252695.8529   47708.4314       0.0000          134          445            6            0  704292.8174  213764.6474   34366.1186       0.0000            2            2            0            0   10813.0004    3707.3338       0.0000       0.0000
                        205200            0            0            0            0       0.0000       0.0000       0.0000       0.0000            0            0            0            0       0.0000       0.0000       0.0000       0.0000          923         1832          577            2  763908.8654  190386.4775  710868.4361    1461.6129          390         1901          233            0  714207.1039  222003.9526  508670.1906       0.0000          398         1664           86            0 1035281.5244  317025.5769  273737.6346       0.0000          343         1285           36            0 1132088.6800  339059.8591  142862.2720       0.0000          270          960           25            0 1061285.6817  324712.4426  114897.9568       0.0000          220          774            9            0  983062.5869  302914.8769   49054.8285       0.0000          167          583            8            0  820096.9157  254232.6693   47708.4314       0.0000          134          445            6            0  704295.3354  214446.1088   34366.1186       0.0000            2            2            0            0   10813.0004    3707.3338       0.0000       0.0000
                        208800            0            0            0            0       0.0000       0.0000       0.0000       0.0000            0            0            0            0       0.0000       0.0000       0.0000       0.0000          921         1881          602            2  756415.0666  187491.0308  740471.8809    1461.6129          381         1935          243            0  697841.5556  217956.1293  531567.2497       0.0000          395         1705           89            0 1027962.9233  317651.0972  282887.1948       0.0000          343         1341           36            0 1132103.7401  340019.3301  142862.2720       0.0000          269          994           26            0 1057662.9831  326688.9739  119177.5065       0.0000          219          794           10            0  978587.6498  303410.2137   54532.1722       0.0000          166          610            9            0  815167.1519  254891.9021   53563.1753       0.0000          134          460            6            0  704297.0877  214903.6319   34366.1186       0.0000            2            2            0            0   10813.0004    3707.3338       0.0000       0.0000
                        212400            0            0            0            0       0.0000       0.0000       0.0000       0.0000            0            0            0            0       0.0000       0.0000       0.0000       0.0000          945         1881          602            2  773647.8701  191718.3796  740471.8809    1461.6129          381         1935          243            0  697884.0617  219554.1916  531567.2497       0.0000          395         1705           89            0 1027995.9528  319179.5902  282887.1948       0.0000          343         1341           36            0 1132133.6140  342171.3744  142862.2720       0.0000          269          994           26            0 1057679.7603  328457.3236  119177.5065       0.0000          219          794           10            0  978593.1173  304135.6621   54532.1722       0.0000          166          610            9            0  815177.9068  256804.2652   53563.1753       0.0000          134          460            6            0  704307.4846  217782.1404   34366.1186       0.0000            2            2            0            0   10813.0004    3707.3338       0.0000       0.0000
                        216000            0            0            0            0       0.0000       0.0000       0.0000       0.0000            0            0            0            0       0.0000       0.0000       0.0000       0.0000          969         1881          602            2  790880.4231  196465.3712  740471.8809    1461.6129          381         1935          243            0  697907.5615  220328.3224  531567.2497       0.0000          395         1705           89            0 1028020.8596  320398.4310  282887.1948       0.0000          343         1341           36            0 1132168.9900  344829.2731  142862.2720       0.0000          269          994           26            0 1057693.9052  329823.0709  119177.5065       0.0000          219          794           10            0  978605.2864  305893.0017   54532.1722       0.0000          166          610            9            0  815185.6615  258219.8299   53563.1753       0.0000          134          460            6            0  704313.5885  219276.3552   34366.1186       0.0000            2            2            0            0   10813.0004    3707.3338       0.0000       0.0000
                        219600            0            0            0            0       0.0000       0.0000       0.0000       0.0000            0            0            0            0       0.0000       0.0000       0.0000       0.0000          958         1921          620            3  777771.4233  193615.5064  763459.5397    2191.6878          375         1965          249            0  686130.0218  219400.4616  545776.7950       0.0000          392         1745           92            0 1020199.2844  319890.5397  293029.7958       0.0000          340         1368           39            0 1122373.2231  343956.2725  154907.2478       0.0000          268         1032           27            0 1053812.2917  330588.5984  124494.0633       0.0000          219          823           10            0  978616.0236  307487.7170   54532.1722       0.0000          166          629            9            0  815193.3151  259718.7160   53563.1753       0.0000          134          469            6            0  704317.7902  220512.5978   34366.1186       0.0000            2            3            0            0   10813.0004    3707.3338       0.0000       0.0000
                        223200            0            0            0            0       0.0000       0.0000       0.0000       0.0000            0            0            0            0       0.0000       0.0000       0.0000       0.0000          982         1921          620            3  794996.2132  197559.4739  763459.5397    2191.6878          375         1965          249            0  686170.3925  220935.9374  545776.7950       0.0000          392         1745           92            0 1020232.0255  321729.0261  293029.7958       0.0000          340         1368           39            0 1122393.6414  345590.6435  154907.2478       0.0000          268         1032           27            0 1053826.4666  332242.9445  124494.0633       0.0000          219          823           10            0  978624.9062  308751.3493   54532.1722       0.0000          166          629            9            0  815201.6358  261488.7460   53563.1753       0.0000          134          469            6            0  704319.6248  220998.6171   34366.1186       0.0000            2            3            0            0   10813.0004    3707.3338       0.0000       0.0000
                        226800            0            0            0            0       0.0000       0.0000       0.0000       0.0000            0            0            0            0       0.0000       0.0000       0.0000       0.0000          981         1985          637            3  792653.2954  197274.3570  781061.1925    2191.6878          366         2007          257            0  668933.3851  216271.3206  565972.0784       0.0000          387         1776           98            0 1007787.3869  321012.1251  311402.5008       0.0000          336         1409           43            0 1109840.4829  344449.7623  171060.8829       0.0000          267         1058           28            0 1049762.3697  330846.8308  130340.7809       0.0000          219          842           10            0  978635.6270  310364.0552   54532.1722       0.0000          166          651            9            0  815203.7846  261923.4938   53563.1753       0.0000          134          489            6            0  704325.0044  222117.3017   34366.1186       0.0000            2            3            0            0   10813.0004    3707.3338       0.0000       0.0000
                        230400            0            0            0            0       0.0000       0.0000       0.0000       0.0000            0            0            0            0       0.0000       0.0000       0.0000       0.0000          997         1985          637            3  804153.5673  200525.9368  781061.1925    2191.6878          366         2007          257            0  668954.7105  217051.8239  565972.0784       0.0000          387         1776           98            0 1007832.5146  323525.2747  311402.5008       0.0000          336         1409           43            0 1109864.7902  346183.6228  171060.8829       0.0000          266         1058           28            0 1045564.4273  331417.0604  130340.7809       0.0000          220          842           10            0  982862.0915  313077.7214   54532.1722       0.0000          166          651            9            0  815211.3364  263505.7790   53563.1753       0.0000          134          489            6            0  704326.8248  222589.5289   34366.1186       0.0000            2            3            0            0   10813.0004    3707.3338       0.0000       0.0000
                        234000            0            0            0            0       0.0000       0.0000       0.0000       0.0000            0            0            0            0       0.0000       0.0000       0.0000       0.0000         1008         2033          642            3  811083.8654  201333.0646  787378.3965    2191.6878          363         2046          260            0  663347.6851  216329.3190  573593.4202       0.0000          383         1822          102            0  996969.9405  322280.2445  325765.5642       0.0000          336         1448           43            0 1109890.8262  348192.4973  171060.8829       0.0000          265         1090           29            0 1041405.1336  331354.6805  136423.6510       0.0000          220          867           10            0  982878.1234  315338.9524   54532.1722       0.0000          164          670           11            0  805504.8202  261376.0388   66573.5008       0.0000          134          505            6            0  704331.9994  223860.8608   34366.1186       0.0000            2            3            0            0   10813.0004    3707.3338       0.0000       0.0000
                        237600            0            0            0            0       0.0000       0.0000       0.0000       0.0000            0            0            0            0       0.0000       0.0000       0.0000       0.0000         1016         2033          642            3  816858.0421  203164.9940  787378.3965    2191.6878          363         2046          260            0  663375.3431  217356.1464  573593.4202       0.0000          383         1822          102            0  997007.0624  324093.8760  325765.5642       0.0000          336         1448           43            0 1109923.4818  350929.9645  171060.8829       0.0000          265         1090           29            0 1041424.5224  333177.7990  136423.6510       0.0000          220          867           10            0  982895.5174  317845.7375   54532.1722       0.0000          164          670           11            0  805511.2722  262453.5977   66573.5008       0.0000          134          505            6            0  704341.3824  226459.1495   34366.1186       0.0000            2            3            0            0   10813.0004    3707.3338       0.0000       0.0000
                        241200            0            0            0            0       0.0000       0.0000       0.0000       0.0000            0            0            0            0       0.0000       0.0000       0.0000       0.0000         1040         2033          642            3  834085.4938  206372.0354  787378.3965    2191.6878          363         2046          260            0  663407.2338  218485.7939  573593.4202       0.0000          383         1822          102            0  997044.0845  326131.0850  325765.5642       0.0000          336         1448           43            0 1109949.3550  352739.7344  171060.8829       0.0000          265         1090           29            0 1041446.9709  335274.5110  136423.6510       0.0000          220          867           10            0  982917.5437  321163.1177   54532.1722       0.0000          164          670           11            0  805514.5013  262791.8387   66573.5008       0.0000          134          505            6            0  704343.9339  227149.2599   34366.1186       0.0000            2            3            0            0   10813.0004    3707.3338       0.0000       0.0000
                        244800            0            0            0            0       0.0000       0.0000       0.0000       0.0000            0            0            0            0       0.0000       0.0000       0.0000       0.0000         1054         2088          660            3  843400.8140  209066.5601  803182.2107    2191.6878          354         2088          269            0  647454.5417  214402.4100  594741.5919       0.0000          378         1865          107            0  984785.7854  324736.2391  341118.5951       0.0000          333         1487           46            0 1100153.9933  352768.6692  183661.5299       0.0000          263         1105           31            0 1033840.3058  334507.1759  146648.4488       0.0000          219          889           11            0  978441.1524  320878.4177   60321.0641       0.0000          163          687           12            0  800611.5865  263370.2208   72817.5353       0.0000          134          516            6            0  704346.6337  227852.4726   34366.1186       0.0000            2            3            0            0   10813.7676    3951.4058       0.0000       0.0000
                        248400            0            0            0            0       0.0000       0.0000       0.0000       0.0000            0            0            0            0       0.0000       0.0000       0.0000       0.0000         1053         2088          660            3  842020.4273  209210.2939  803182.2107    2191.6878          355         2088          269            0  648921.0412  216460.2410  594741.5919       0.0000          378         1865          107            0  984820.5565  326444.9861  341118.5951       0.0000          333         1487           46            0 1100168.9650  353718.0966  183661.5299       0.0000          263         1105           31            0 1033856.4673  336156.7749  146648.4488       0.0000          219          889           11            0  978457.1474  323146.4484   60321.0641       0.0000          163          687           12            0  800618.9800  264849.4319   72817.5353       0.0000          134          516            6            0  704350.6936  229057.7164   34366.1186       0.0000            2            3            0            0   10813.7676    3951.4058       0.0000       0.0000
                        252000            0            0            0            0       0.0000       0.0000       0.0000       0.0000            0            0            0            0       0.0000       0.0000       0.0000       0.0000         1083         2166          670            3  859986.1141  212938.9740  817461.8556    2191.6878          351         2118          273            0  642852.4046  215378.1877  602916.9904       0.0000          375         1910          110            0  977053.1156  325136.3202  352120.3723       0.0000          331         1520           47            0 1093354.9605  354391.4972  187739.5583       0.0000          261         1142           34            0 1025667.4266  334442.9920  161998.9331       0.0000          219          923           11            0  978464.9350  324395.8585   60321.0641       0.0000          162          701           13            0  795766.2698  265359.6437   78766.5600       0.0000          134          526            6            0  704355.8786  230305.6165   34366.1186       0.0000            2            4            0            0   10813.7676    3951.4058       0.0000       0.0000
                        255600            0            0            0            0       0.0000       0.0000       0.0000       0.0000            0            0            0            0       0.0000       0.0000       0.0000       0.0000         1091         2166          670            3  865750.5059  214844.4042  817461.8556    2191.6878          351         2118          273            0  642884.2963  216513.6697  602916.9904       0.0000          375         1910          110            0  977082.0785  326302.4503  352120.3723       0.0000          331         1520           47            0 1093381.2586  356060.0889  187739.5583       0.0000          261         1142           34            0 1025683.4746  336244.8743  161998.9331       0.0000          219          923           11            0  978475.2278  325677.3687   60321.0641       0.0000          162          701           13            0  795770.5782  266259.5530   78766.5600       0.0000          134          526            6            0  704362.1389  231955.4154   34366.1186       0.0000            2            4            0            0   10813.7676    3951.4058       0.0000       0.0000
                        259200            0            0            0            0       0.0000       0.0000       0.0000       0.0000            0            0            0            0       0.0000       0.0000       0.0000       0.0000         1107         2166          670            3  877256.9555  217722.8592  817461.8556    2191.6878          351         2118          273            0  642931.1037  218069.4340  602916.9904       0.0000          375         1910          110            0  977121.4605  328417.4570  352120.3723       0.0000          331         1520           47            0 1093405.7262  357967.8065  187739.5583       0.0000          261         1142           34            0 1025702.8080  337996.3578  161998.9331       0.0000          219          923           11            0  978493.5434  328341.0177   60321.0641       0.0000          162          701           13            0  795779.1823  267758.2910   78766.5600       0.0000          134          526            6            0  704366.3816  233174.3481   34366.1186       0.0000            2            4            0            0   10813.7676    3951.4058       0.0000       0.0000
