BioMASSver                             0.22
date                             2024/11/05
hour                               14:22:01
biomass.model.taxonomy.Planktivore1
Girella-Nigricans             
Chopa-verde                   
longevity                              3904
linf                                68.3000
t0                                  -0.4200
k                                    0.2700
a                                    0.0199
b                                    3.0063
newborn_orgs                            800
pop_deathrate                        0.0007
rep_cycle                               365
age_classes                              11
                         steps       orgs00        hid00     killed00    starved00   leanmass00    fatmass00   killmass00  starvemas00       orgs01        hid01     killed01    starved01   leanmass01    fatmass01   killmass01  starvemas01       orgs02        hid02     killed02    starved02   leanmass02    fatmass02   killmass02  starvemas02       orgs03        hid03     killed03    starved03   leanmass03    fatmass03   killmass03  starvemas03       orgs04        hid04     killed04    starved04   leanmass04    fatmass04   killmass04  starvemas04       orgs05        hid05     killed05    starved05   leanmass05    fatmass05   killmass05  starvemas05       orgs06        hid06     killed06    starved06   leanmass06    fatmass06   killmass06  starvemas06       orgs07        hid07     killed07    starved07   leanmass07    fatmass07   killmass07  starvemas07       orgs08        hid08     killed08    starved08   leanmass08    fatmass08   killmass08  starvemas08       orgs09        hid09     killed09    starved09   leanmass09    fatmass09   killmass09  starvemas09       orgs10        hid10     killed10    starved10   leanmass10    fatmass10   killmass10  starvemas10
                             0            0            0            0            0       0.0000       0.0000       0.0000       0.0000            0            0            0            0       0.0000       0.0000       0.0000       0.0000          800            0            0            0  840435.5369  172204.7523       0.0000       0.0000          623            0            0            0 1121886.0082  224821.6985       0.0000       0.0000          485            0            0            0 1253019.2616  262898.6442       0.0000       0.0000          377            0            0            0 1244726.2584  251425.3231       0.0000       0.0000          294            0            0            0 1153150.0871  233290.2718       0.0000       0.0000          229            0            0            0 1023717.5030  218978.9939       0.0000       0.0000          178            0            0            0  874821.4653  179653.7958       0.0000       0.0000          139            0            0            0  728742.8886  152441.6791       0.0000       0.0000            0            0            0            0       0.0000       0.0000       0.0000       0.0000
                          3600            0            0            0            0       0.0000       0.0000       0.0000       0.0000            0            0            0            0       0.0000       0.0000       0.0000       0.0000          608           72          192            0  647449.9051  134739.6778  230513.0821       0.0000          558           44           65            0 1009705.8241  203492.6985  133675.9659       0.0000          463           22           22            0 1197129.9539  251685.7438   67327.2140       0.0000          360           22           17            0 1189351.9730  240998.3271   65934.1383       0.0000          285           19            9            0 1118037.6274  226842.5056   41725.0825       0.0000          224            8            5            0 1001341.0016  214938.5023   26642.4585       0.0000          177            5            1            0  870090.8197  178320.3972    6109.9775       0.0000          139            1            0            0  728742.9997  152741.5873       0.0000       0.0000            0            0            0            0       0.0000       0.0000       0.0000       0.0000
                          7200            0            0            0            0       0.0000       0.0000       0.0000       0.0000            0            0            0            0       0.0000       0.0000       0.0000       0.0000          608           72          192            0  647452.9892  134778.9941  230513.0821       0.0000          558           44           65            0 1009710.2187  203732.3402  133675.9659       0.0000          463           22           22            0 1197132.0646  251780.0121   67327.2140       0.0000          360           22           17            0 1189353.6831  241242.1015   65934.1383       0.0000          285           19            9            0 1118038.8919  226944.2544   41725.0825       0.0000          224            8            5            0 1001341.8086  215121.1848   26642.4585       0.0000          177            5            1            0  870091.1635  178511.6986    6109.9775       0.0000          139            1            0            0  728743.1677  152819.3856       0.0000       0.0000            0            0            0            0       0.0000       0.0000       0.0000       0.0000
                         10800            0            0            0            0       0.0000       0.0000       0.0000       0.0000            0            0            0            0       0.0000       0.0000       0.0000       0.0000          604          147          196            0  643380.9571  133831.8324  235662.5679       0.0000          552          106           71            0  999098.8591  201944.6402  146380.0511       0.0000          458           71           27            0 1183697.9193  250506.9832   82298.4635       0.0000          359           53           18            0 1186195.1897  240683.1259   69911.9425       0.0000          285           46            9            0 1118041.0794  227602.9560   41725.0825       0.0000          223           33            6            0  996914.5075  214891.1330   31809.5357       0.0000          177           20            1            0  870091.5894  178625.9567    6109.9775       0.0000          139           14            0            0  728743.6792  153054.8041       0.0000       0.0000            0            0            0            0       0.0000       0.0000       0.0000       0.0000
                         14400            0            0            0            0       0.0000       0.0000       0.0000       0.0000            0            0            0            0       0.0000       0.0000       0.0000       0.0000          604          147          196            0  643385.7011  134016.1739  235662.5679       0.0000          552          106           71            0  999104.7462  202214.7097  146380.0511       0.0000          458           71           27            0 1183703.3463  251000.7335   82298.4635       0.0000          359           53           18            0 1186200.2575  241235.5211   69911.9425       0.0000          285           46            9            0 1118043.2261  228202.5608   41725.0825       0.0000          223           33            6            0  996915.8811  215142.0359   31809.5357       0.0000          177           20            1            0  870092.6377  179032.5586    6109.9775       0.0000          139           14            0            0  728744.8190  153577.3663       0.0000       0.0000            0            0            0            0       0.0000       0.0000       0.0000       0.0000
                         18000            0            0            0            0       0.0000       0.0000       0.0000       0.0000            0            0            0            0       0.0000       0.0000       0.0000       0.0000          568          253          232            0  608577.6071  127932.6144  276796.6320       0.0000          538          238           85            0  975579.1479  198361.0864  174288.5291       0.0000          455          186           30            0 1176471.3895  250002.7543   90957.2487       0.0000          357          158           20            0 1179599.3726  241426.2060   77226.7376       0.0000          285          120            9            0 1118046.2922  229057.0178   41725.0825       0.0000          223           90            6            0  996919.4414  216308.5680   31809.5357       0.0000          177           69            1            0  870093.7921  179521.5629    6109.9775       0.0000          139           49            0            0  728746.0097  154426.7250       0.0000       0.0000            0            0            0            0       0.0000       0.0000       0.0000       0.0000
                         21600            0            0            0            0       0.0000       0.0000       0.0000       0.0000            0            0            0            0       0.0000       0.0000       0.0000       0.0000          568          253          232            0  608587.4032  128412.3919  276796.6320       0.0000          538          238           85            0  975590.5301  199019.4242  174288.5291       0.0000          455          186           30            0 1176477.5265  250673.7538   90957.2487       0.0000          357          158           20            0 1179607.5358  243138.8527   77226.7376       0.0000          285          120            9            0 1118048.8363  229957.3518   41725.0825       0.0000          223           90            6            0  996922.4901  217547.4196   31809.5357       0.0000          177           69            1            0  870094.6862  179912.1327    6109.9775       0.0000          139           49            0            0  728746.8350  155248.2425       0.0000       0.0000            0            0            0            0       0.0000       0.0000       0.0000       0.0000
                         25200            0            0            0            0       0.0000       0.0000       0.0000       0.0000            0            0            0            0       0.0000       0.0000       0.0000       0.0000          568          253          232            0  608601.2256  129009.2148  276796.6320       0.0000          538          238           85            0  975600.3395  199689.7794  174288.5291       0.0000          455          186           30            0 1176487.7747  251845.0806   90957.2487       0.0000          357          158           20            0 1179616.4253  244856.3497   77226.7376       0.0000          285          120            9            0 1118053.1656  231144.5296   41725.0825       0.0000          223           90            6            0  996924.6562  218262.7646   31809.5357       0.0000          177           69            1            0  870098.4056  181890.8305    6109.9775       0.0000          139           49            0            0  728747.7835  155828.2294       0.0000       0.0000            0            0            0            0       0.0000       0.0000       0.0000       0.0000
                         28800            0            0            0            0       0.0000       0.0000       0.0000       0.0000            0            0            0            0       0.0000       0.0000       0.0000       0.0000          556          404          244            0  594835.3181  126530.4729  293630.3475       0.0000          530          398           93            0  961474.1794  198850.2845  190266.7994       0.0000          453          340           32            0 1170822.9088  253112.1959   97104.7844       0.0000          357          293           20            0 1179625.6371  246568.8952   77226.7376       0.0000          284          238           10            0 1114411.7423  233149.6944   45528.2628       0.0000          222          190            7            0  992241.9481  218372.4024   37975.5577       0.0000          177          145            1            0  870100.7428  183190.6015    6109.9775       0.0000          139           99            0            0  728748.8591  156632.4162       0.0000       0.0000            0            0            0            0       0.0000       0.0000       0.0000       0.0000
                         32400            0            0            0            0       0.0000       0.0000       0.0000       0.0000            0            0            0            0       0.0000       0.0000       0.0000       0.0000          556          404          244            0  594849.0332  127133.3930  293630.3475       0.0000          530          398           93            0  961484.0978  199644.1623  190266.7994       0.0000          453          340           32            0 1170836.7332  255283.1031   97104.7844       0.0000          357          293           20            0 1179631.5464  247691.8276   77226.7376       0.0000          284          238           10            0 1114416.7992  234619.8443   45528.2628       0.0000          222          190            7            0  992248.0901  220809.9405   37975.5577       0.0000          177          145            1            0  870103.7534  185025.4997    6109.9775       0.0000          139           99            0            0  728749.8283  157349.2628       0.0000       0.0000            0            0            0            0       0.0000       0.0000       0.0000       0.0000
                         36000            0            0            0            0       0.0000       0.0000       0.0000       0.0000            0            0            0            0       0.0000       0.0000       0.0000       0.0000          540          545          260            0  578463.6829  124404.8714  313412.3938       0.0000          519          542          104            0  943068.0894  198039.1831  211707.3375       0.0000          452          477           33            0 1168636.4044  257112.5309  100030.5833       0.0000          357          406           20            0 1179644.2648  249927.2533   77226.7376       0.0000          284          343           10            0 1114422.0412  235822.0872   45528.2628       0.0000          222          241            7            0  992252.0773  222394.1448   37975.5577       0.0000          177          190            1            0  870105.8739  186129.9428    6109.9775       0.0000          139          147            0            0  728751.6539  158546.7941       0.0000       0.0000            0            0            0            0       0.0000       0.0000       0.0000       0.0000
                         39600            0            0            0            0       0.0000       0.0000       0.0000       0.0000            0            0            0            0       0.0000       0.0000       0.0000       0.0000          540          545          260            0  578485.8632  125349.4888  313412.3938       0.0000          519          542          104            0  943086.6110  199477.5838  211707.3375       0.0000          452          477           33            0 1168656.3212  259430.8621  100030.5833       0.0000          357          406           20            0 1179654.6678  251959.4582   77226.7376       0.0000          284          343           10            0 1114426.7617  237100.0140   45528.2628       0.0000          222          241            7            0  992255.4239  223672.7552   37975.5577       0.0000          177          190            1            0  870111.4542  188898.0285    6109.9775       0.0000          139          147            0            0  728753.9229  160024.8527       0.0000       0.0000            0            0            0            0       0.0000       0.0000       0.0000       0.0000
                         43200            0            0            0            0       0.0000       0.0000       0.0000       0.0000            0            0            0            0       0.0000       0.0000       0.0000       0.0000          540          545          260            0  578507.4009  126328.9036  313412.3938       0.0000          519          542          104            0  943112.1262  201407.7999  211707.3375       0.0000          452          477           33            0 1168675.9800  261748.4240  100030.5833       0.0000          357          406           20            0 1179664.5056  253547.0681   77226.7376       0.0000          284          343           10            0 1114435.0146  239165.9465   45528.2628       0.0000          222          241            7            0  992259.8346  225105.3439   37975.5577       0.0000          177          190            1            0  870116.1878  190982.6227    6109.9775       0.0000          139          147            0            0  728756.2951  161246.3367       0.0000       0.0000            0            0            0            0       0.0000       0.0000       0.0000       0.0000
                         46800            0            0            0            0       0.0000       0.0000       0.0000       0.0000            0            0            0            0       0.0000       0.0000       0.0000       0.0000          530          701          270            0  569484.0373  125744.6689  324231.8393       0.0000          518          689          105            0  941061.9842  202745.8707  213945.9670       0.0000          450          580           35            0 1163267.8179  262969.1242  106502.6105       0.0000          357          469           20            0 1179675.0874  255184.9450   77226.7376       0.0000          284          429           10            0 1114446.9866  241675.3663   45528.2628       0.0000          222          280            7            0  992263.2721  226148.3907   37975.5577       0.0000          176          227            2            0  865069.8540  192301.0232   11680.6983       0.0000          139          168            0            0  728758.0722  162243.7893       0.0000       0.0000            0            0            0            0       0.0000       0.0000       0.0000       0.0000
                         50400            0            0            0            0       0.0000       0.0000       0.0000       0.0000            0            0            0            0       0.0000       0.0000       0.0000       0.0000          530          701          270            0  569506.4140  126686.3530  324231.8393       0.0000          518          689          105            0  941087.1889  204439.7652  213945.9670       0.0000          450          580           35            0 1163287.5385  264882.5089  106502.6105       0.0000          357          469           20            0 1179695.1058  258024.1482   77226.7376       0.0000          284          429           10            0 1114459.4307  244095.0652   45528.2628       0.0000          222          280            7            0  992270.9046  228226.2928   37975.5577       0.0000          176          227            2            0  865074.1292  193929.0628   11680.6983       0.0000          139          168            0            0  728759.5091  162970.5966       0.0000       0.0000            0            0            0            0       0.0000       0.0000       0.0000       0.0000
                         54000            0            0            0            0       0.0000       0.0000       0.0000       0.0000            0            0            0            0       0.0000       0.0000       0.0000       0.0000          503          807          297            0  543131.1849  122849.6776  355506.6594       0.0000          507          785          116            0  922632.9770  203480.0305  236471.9822       0.0000          450          653           35            0 1163302.4405  266335.0110  106502.6105       0.0000          356          531           21            0 1176132.4301  259357.2840   81812.8541       0.0000          283          475           11            0 1110683.8770  245017.7490   49670.0397       0.0000          222          319            7            0  992278.7178  230366.8286   37975.5577       0.0000          176          255            2            0  865077.2280  195071.6741   11680.6983       0.0000          139          187            0            0  728765.3002  165641.9723       0.0000       0.0000            0            0            0            0       0.0000       0.0000       0.0000       0.0000
                         57600            0            0            0            0       0.0000       0.0000       0.0000       0.0000            0            0            0            0       0.0000       0.0000       0.0000       0.0000          503          807          297            0  543162.7271  124132.2180  355506.6594       0.0000          507          785          116            0  922660.4934  205053.6064  236471.9822       0.0000          450          653           35            0 1163331.5140  268946.0489  106502.6105       0.0000          356          531           21            0 1176154.4052  262104.7035   81812.8541       0.0000          283          475           11            0 1110695.2954  247071.3976   49670.0397       0.0000          222          319            7            0  992290.4870  233241.5537   37975.5577       0.0000          176          255            2            0  865084.2150  197361.7683   11680.6983       0.0000          139          187            0            0  728767.5845  166648.7121       0.0000       0.0000            0            0            0            0       0.0000       0.0000       0.0000       0.0000
                         61200            0            0            0            0       0.0000       0.0000       0.0000       0.0000            0            0            0            0       0.0000       0.0000       0.0000       0.0000          496          886          304            0  535667.6286  123301.5917  364645.8117       0.0000          503          879          120            0  915254.8402  204384.9369  245392.5498       0.0000          444          720           41            0 1147237.6882  267995.5170  126283.6995       0.0000          354          582           23            0 1169558.3991  261183.9059   90416.6869       0.0000          283          516           11            0 1110710.7617  249662.0789   49670.0397       0.0000          222          349            7            0  992299.7666  235389.5178   37975.5577       0.0000          176          273            2            0  865089.3678  198928.7732   11680.6983       0.0000          139          202            0            0  728769.3282  167376.5009       0.0000       0.0000            0            0            0            0       0.0000       0.0000       0.0000       0.0000
                         64800            0            0            0            0       0.0000       0.0000       0.0000       0.0000            0            0            0            0       0.0000       0.0000       0.0000       0.0000          496          886          304            0  535695.0829  124298.9269  364645.8117       0.0000          503          879          120            0  915295.2433  206571.1125  245392.5498       0.0000          444          720           41            0 1147264.6219  270254.6208  126283.6995       0.0000          354          582           23            0 1169573.2006  262973.2166   90416.6869       0.0000          283          516           11            0 1110728.6138  252360.6807   49670.0397       0.0000          222          349            7            0  992307.7141  237078.6245   37975.5577       0.0000          176          273            2            0  865099.7924  201920.8395   11680.6983       0.0000          139          202            0            0  728773.7169  169158.7228       0.0000       0.0000            0            0            0            0       0.0000       0.0000       0.0000       0.0000
                         68400            0            0            0            0       0.0000       0.0000       0.0000       0.0000            0            0            0            0       0.0000       0.0000       0.0000       0.0000          496          886          304            0  535735.5105  125648.1889  364645.8117       0.0000          503          879          120            0  915331.2649  208456.0564  245392.5498       0.0000          444          720           41            0 1147282.2962  271486.4401  126283.6995       0.0000          354          582           23            0 1169595.8556  265585.0271   90416.6869       0.0000          283          516           11            0 1110745.8015  254942.7406   49670.0397       0.0000          222          349            7            0  992314.6262  238560.4813   37975.5577       0.0000          176          273            2            0  865107.0874  203996.7681   11680.6983       0.0000          139          202            0            0  728777.0672  170377.1880       0.0000       0.0000            0            0            0            0       0.0000       0.0000       0.0000       0.0000
                         72000            0            0            0            0       0.0000       0.0000       0.0000       0.0000            0            0            0            0       0.0000       0.0000       0.0000       0.0000          466          952          334            0  504036.8022  119619.2144  403746.6831       0.0000          493          955          130            0  897952.9295  204906.4503  267890.9515       0.0000          444          794           41            0 1147300.6716  272816.6200  126283.6995       0.0000          354          627           23            0 1169612.2443  267290.4517   90416.6869       0.0000          282          552           12            0 1106999.8479  257220.0127   53885.5882       0.0000          222          378            7            0  992323.1894  240246.7103   37975.5577       0.0000          175          298            3            0  860251.4633  202819.0541   18608.4506       0.0000          139          219            0            0  728784.8603  173057.8442       0.0000       0.0000            0            0            0            0       0.0000       0.0000       0.0000       0.0000
                         75600            0            0            0            0       0.0000       0.0000       0.0000       0.0000            0            0            0            0       0.0000       0.0000       0.0000       0.0000          466          952          334            0  504081.7990  120977.8502  403746.6831       0.0000          493          955          130            0  898000.2264  207130.6616  267890.9515       0.0000          444          794           41            0 1147344.4577  275897.8717  126283.6995       0.0000          354          627           23            0 1169645.4798  270448.3024   90416.6869       0.0000          282          552           12            0 1107017.2266  259652.6499   53885.5882       0.0000          222          378            7            0  992335.4574  242489.2009   37975.5577       0.0000          175          298            3            0  860257.7149  204416.2300   18608.4506       0.0000          139          219            0            0  728790.8244  175014.3064       0.0000       0.0000            0            0            0            0       0.0000       0.0000       0.0000       0.0000
                         79200            0            0            0            0       0.0000       0.0000       0.0000       0.0000            0            0            0            0       0.0000       0.0000       0.0000       0.0000          452         1016          348            0  488948.5253  118009.2265  422652.2492       0.0000          491         1022          132            0  894760.2810  207848.6708  271596.9181       0.0000          441          851           44            0 1140309.5699  277301.5550  134493.5399       0.0000          354          670           23            0 1169672.1669  272893.6344   90416.6869       0.0000          282          593           12            0 1107047.5864  263447.9693   53885.5882       0.0000          222          408            7            0  992344.7430  244233.8043   37975.5577       0.0000          175          330            3            0  860266.3976  206546.6070   18608.4506       0.0000          139          238            0            0  728797.6363  177232.0179       0.0000       0.0000            0            0            0            0       0.0000       0.0000       0.0000       0.0000
                         82800            0            0            0            0       0.0000       0.0000       0.0000       0.0000            0            0            0            0       0.0000       0.0000       0.0000       0.0000          452         1016          348            0  488978.0873  118838.5641  422652.2492       0.0000          491         1022          132            0  894794.3105  209300.4132  271596.9181       0.0000          441          851           44            0 1140355.9789  280189.7820  134493.5399       0.0000          354          670           23            0 1169691.4628  274578.9074   90416.6869       0.0000          282          593           12            0 1107074.4344  266838.4538   53885.5882       0.0000          222          408            7            0  992359.7807  246688.3659   37975.5577       0.0000          175          330            3            0  860274.4362  208407.0180   18608.4506       0.0000          139          238            0            0  728800.8923  178201.3177       0.0000       0.0000            0            0            0            0       0.0000       0.0000       0.0000       0.0000
                         86400            0            0            0            0       0.0000       0.0000       0.0000       0.0000            0            0            0            0       0.0000       0.0000       0.0000       0.0000          452         1016          348            0  489017.9501  119883.0049  422652.2492       0.0000          491         1022          132            0  894842.1171  211304.5050  271596.9181       0.0000          441          851           44            0 1140398.3537  282624.8908  134493.5399       0.0000          354          670           23            0 1169720.4386  277080.6275   90416.6869       0.0000          282          593           12            0 1107086.6021  268354.7967   53885.5882       0.0000          222          408            7            0  992371.9232  248537.5559   37975.5577       0.0000          175          330            3            0  860277.3614  209175.1758   18608.4506       0.0000          139          238            0            0  728804.4331  179182.7547       0.0000       0.0000            0            0            0            0       0.0000       0.0000       0.0000       0.0000
                         90000            0            0            0            0       0.0000       0.0000       0.0000       0.0000            0            0            0            0       0.0000       0.0000       0.0000       0.0000          466         1059          366            0  493309.8479  120421.7499  446633.8838       0.0000          485         1082          138            0  884058.5839  211296.7360  284616.3736       0.0000          435          904           50            0 1124484.2765  280869.6691  154774.6793       0.0000          350          736           27            0 1156119.9898  276190.2387  107644.0902       0.0000          280          634           14            0 1099409.1888  268594.8086   63132.3658       0.0000          220          434            9            0  983724.1102  249049.9454   48457.0502       0.0000          175          357            3            0  860284.9859  210750.9608   18608.4506       0.0000          139          266            0            0  728812.2108  181391.8757       0.0000       0.0000            0            0            0            0       0.0000       0.0000       0.0000       0.0000
                         93600            0            0            0            0       0.0000       0.0000       0.0000       0.0000            0            0            0            0       0.0000       0.0000       0.0000       0.0000          498         1059          366            0  516282.2670  126909.4911  446633.8838       0.0000          485         1082          138            0  884122.4914  213707.5043  284616.3736       0.0000          435          904           50            0 1124517.2613  282811.1014  154774.6793       0.0000          350          736           27            0 1156150.3099  278591.3723  107644.0902       0.0000          280          634           14            0 1099428.6551  270824.6527   63132.3658       0.0000          220          434            9            0  983736.0058  250935.7842   48457.0502       0.0000          175          357            3            0  860290.2042  211910.8869   18608.4506       0.0000          139          266            0            0  728814.7591  182131.6822       0.0000       0.0000            0            0            0            0       0.0000       0.0000       0.0000       0.0000
                         97200            0            0            0            0       0.0000       0.0000       0.0000       0.0000            0            0            0            0       0.0000       0.0000       0.0000       0.0000          499         1108          373            0  515317.9971  127048.3863  455330.5269       0.0000          477         1140          146            0  869807.8156  210948.5836  303068.5087       0.0000          433          957           52            0 1119727.2192  282995.4888  161414.9729       0.0000          349          771           28            0 1152588.3668  279807.8159  111854.2216       0.0000          279          673           15            0 1095422.8579  271883.1555   68409.3391       0.0000          219          460           10            0  979266.0856  252176.0306   54221.9012       0.0000          175          372            3            0  860294.4595  212887.5272   18608.4506       0.0000          139          285            0            0  728820.0191  183598.6989       0.0000       0.0000            0            0            0            0       0.0000       0.0000       0.0000       0.0000
                        100800            0            0            0            0       0.0000       0.0000       0.0000       0.0000            0            0            0            0       0.0000       0.0000       0.0000       0.0000          499         1108          373            0  515348.3827  127736.6673  455330.5269       0.0000          477         1140          146            0  869848.3050  212605.7980  303068.5087       0.0000          433          957           52            0 1119762.4224  284951.7733  161414.9729       0.0000          349          771           28            0 1152625.7539  282940.4647  111854.2216       0.0000          279          673           15            0 1095437.1268  273525.7749   68409.3391       0.0000          219          460           10            0  979275.5375  253623.7299   54221.9012       0.0000          175          372            3            0  860301.9800  214525.5280   18608.4506       0.0000          139          285            0            0  728828.0670  185797.0235       0.0000       0.0000            0            0            0            0       0.0000       0.0000       0.0000       0.0000
                        104400            0            0            0            0       0.0000       0.0000       0.0000       0.0000            0            0            0            0       0.0000       0.0000       0.0000       0.0000          514         1156          390            0  521395.7353  128989.2882  476170.4863       0.0000          464         1212          158            0  846438.2935  207925.4957  330559.8881       0.0000          426         1022           60            0 1102201.9460  283076.5457  185727.5748       0.0000          349          818           28            0 1152651.5896  285172.8929  111854.2216       0.0000          279          700           15            0 1095452.9600  275319.8672   68409.3391       0.0000          219          483           10            0  979294.0427  256552.5516   54221.9012       0.0000          175          387            3            0  860308.4155  215900.7158   18608.4506       0.0000          139          300            0            0  728834.1420  187530.4515       0.0000       0.0000            0            0            0            0       0.0000       0.0000       0.0000       0.0000
                        108000            0            0            0            0       0.0000       0.0000       0.0000       0.0000            0            0            0            0       0.0000       0.0000       0.0000       0.0000          538         1156          390            0  538633.9947  133619.7752  476170.4863       0.0000          464         1212          158            0  846483.0200  209756.2627  330559.8881       0.0000          426         1022           60            0 1102228.5816  284700.7121  185727.5748       0.0000          349          818           28            0 1152686.8238  288091.6265  111854.2216       0.0000          279          700           15            0 1095463.7979  276632.9071   68409.3391       0.0000          219          483           10            0  979306.2062  258405.6101   54221.9012       0.0000          175          387            3            0  860312.5014  216837.9989   18608.4506       0.0000          139          300            0            0  728837.6645  188520.5024       0.0000       0.0000            0            0            0            0       0.0000       0.0000       0.0000       0.0000
                        111600            0            0            0            0       0.0000       0.0000       0.0000       0.0000            0            0            0            0       0.0000       0.0000       0.0000       0.0000          553         1156          390            0  548722.6000  137058.8070  476170.4863       0.0000          465         1212          158            0  847943.8205  211484.5035  330559.8881       0.0000          426         1022           60            0 1102266.0751  286758.4839  185727.5748       0.0000          349          818           28            0 1152719.6143  290939.0292  111854.2216       0.0000          279          700           15            0 1095480.0194  278438.3033   68409.3391       0.0000          219          483           10            0  979314.2218  259573.8515   54221.9012       0.0000          175          387            3            0  860326.4560  219814.2588   18608.4506       0.0000          139          300            0            0  728841.2170  189504.2587       0.0000       0.0000            0            0            0            0       0.0000       0.0000       0.0000       0.0000
                        115200            0            0            0            0       0.0000       0.0000       0.0000       0.0000            0            0            0            0       0.0000       0.0000       0.0000       0.0000          558         1212          409            0  545421.2752  136623.9849  501302.3525       0.0000          459         1337          164            0  837390.3938  210333.5342  344046.7147       0.0000          423         1092           63            0 1094835.3062  287359.3922  194728.9228       0.0000          348          880           29            0 1149281.8091  293196.8116  115644.0607       0.0000          278          729           16            0 1091449.2207  279431.4123   74025.1726       0.0000          219          511           10            0  979324.8966  261233.8240   54221.9012       0.0000          175          401            3            0  860333.9005  221391.4850   18608.4506       0.0000          138          319            1            0  723445.5529  189644.4716    6260.6815       0.0000            0            0            0            0       0.0000       0.0000       0.0000       0.0000
                        118800            0            0            0            0       0.0000       0.0000       0.0000       0.0000            0            0            0            0       0.0000       0.0000       0.0000       0.0000          582         1212          409            0  562652.4956  140407.4329  501302.3525       0.0000          459         1337          164            0  837418.0696  211445.4693  344046.7147       0.0000          423         1092           63            0 1094872.3458  289556.1890  194728.9228       0.0000          348          880           29            0 1149298.5180  294606.5237  115644.0607       0.0000          278          729           16            0 1091463.5952  281066.1631   74025.1726       0.0000          219          511           10            0  979342.1165  263855.0958   54221.9012       0.0000          175          401            3            0  860342.4555  223185.5758   18608.4506       0.0000          138          319            1            0  723448.1742  190358.0125    6260.6815       0.0000            0            0            0            0       0.0000       0.0000       0.0000       0.0000
                        122400            0            0            0            0       0.0000       0.0000       0.0000       0.0000            0            0            0            0       0.0000       0.0000       0.0000       0.0000          579         1260          428            0  554375.9455  139194.4501  525351.8646       0.0000          454         1411          169            0  827927.2589  210002.4136  356457.7585       0.0000          419         1152           67            0 1084753.0653  290043.8085  207303.8006       0.0000          348          931           29            0 1149330.6021  297062.8819  115644.0607       0.0000          278          750           16            0 1091476.7703  282497.7534   74025.1726       0.0000          218          535           11            0  974961.8627  264493.9806   59672.7426       0.0000          175          417            3            0  860347.7950  224322.6359   18608.4506       0.0000          138          330            1            0  723452.7459  191548.4237    6260.6815       0.0000            0            0            0            0       0.0000       0.0000       0.0000       0.0000
                        126000            0            0            0            0       0.0000       0.0000       0.0000       0.0000            0            0            0            0       0.0000       0.0000       0.0000       0.0000          602         1260          428            0  570193.4048  143705.5025  525351.8646       0.0000          455         1411          169            0  829389.6047  212034.9579  356457.7585       0.0000          419         1152           67            0 1084796.3731  292493.1314  207303.8006       0.0000          348          931           29            0 1149352.5168  298952.5003  115644.0607       0.0000          278          750           16            0 1091487.6122  283836.2518   74025.1726       0.0000          218          535           11            0  974969.5687  265758.9071   59672.7426       0.0000          175          417            3            0  860359.6203  226848.2388   18608.4506       0.0000          138          330            1            0  723457.8819  192991.5402    6260.6815       0.0000            0            0            0            0       0.0000       0.0000       0.0000       0.0000
                        129600            0            0            0            0       0.0000       0.0000       0.0000       0.0000            0            0            0            0       0.0000       0.0000       0.0000       0.0000          602         1260          428            0  570228.9990  144593.5071  525351.8646       0.0000          455         1411          169            0  829442.8487  214138.8710  356457.7585       0.0000          419         1152           67            0 1084833.5700  294630.1193  207303.8006       0.0000          348          931           29            0 1149373.1109  300636.7673  115644.0607       0.0000          278          750           16            0 1091503.1685  285724.1206   74025.1726       0.0000          218          535           11            0  974978.8370  267200.8783   59672.7426       0.0000          175          417            3            0  860369.4044  228901.9860   18608.4506       0.0000          138          330            1            0  723462.8433  194442.8176    6260.6815       0.0000            0            0            0            0       0.0000       0.0000       0.0000       0.0000
                        133200            0            0            0            0       0.0000       0.0000       0.0000       0.0000            0            0            0            0       0.0000       0.0000       0.0000       0.0000          612         1301          434            0  576146.9596  146156.5532  532562.1934       0.0000          451         1464          173            0  822960.4017  213557.7077  364896.8885       0.0000          419         1210           67            0 1084872.9335  296809.2209  207303.8006       0.0000          346          969           31            0 1142973.8358  300174.4987  124227.8341       0.0000          278          781           16            0 1091526.0079  288212.6850   74025.1726       0.0000          218          562           11            0  974985.5399  268230.4564   59672.7426       0.0000          175          437            3            0  860377.9759  230744.0019   18608.4506       0.0000          138          341            1            0  723466.2752  195409.7712    6260.6815       0.0000            0            0            0            0       0.0000       0.0000       0.0000       0.0000
                        136800            0            0            0            0       0.0000       0.0000       0.0000       0.0000            0            0            0            0       0.0000       0.0000       0.0000       0.0000          644         1301          434            0  599108.7174  150504.0200  532562.1934       0.0000          451         1464          173            0  822994.4277  214968.3915  364896.8885       0.0000          419         1210           67            0 1084903.9149  298581.2205  207303.8006       0.0000          346          969           31            0 1143009.4181  302981.2989  124227.8341       0.0000          278          781           16            0 1091546.5193  290545.9057   74025.1726       0.0000          218          562           11            0  974999.1498  270221.2882   59672.7426       0.0000          174          437            3            0  855294.6649  231126.5585   18608.4506       0.0000          139          341            1            0  728559.7085  197290.2638    6260.6815       0.0000            0            0            0            0       0.0000       0.0000       0.0000       0.0000
                        140400            0            0            0            0       0.0000       0.0000       0.0000       0.0000            0            0            0            0       0.0000       0.0000       0.0000       0.0000          636         1344          450            0  587147.4771  146580.2534  555913.4305       0.0000          436         1512          188            0  796192.4934  210939.9668  398446.2489       0.0000          413         1256           73            0 1069593.7999  295978.5248  226417.2342       0.0000          346         1005           31            0 1143035.4064  305079.0340  124227.8341       0.0000          278          809           16            0 1091557.6839  291815.8486   74025.1726       0.0000          218          580           11            0  975012.1944  272307.0023   59672.7426       0.0000          174          460            3            0  855299.7710  232277.6469   18608.4506       0.0000          139          355            1            0  728569.2727  199935.2444    6260.6815       0.0000            0            0            0            0       0.0000       0.0000       0.0000       0.0000
                        144000            0            0            0            0       0.0000       0.0000       0.0000       0.0000            0            0            0            0       0.0000       0.0000       0.0000       0.0000          660         1344          450            0  604376.1366  150798.9009  555913.4305       0.0000          436         1512          188            0  796230.8624  212493.5922  398446.2489       0.0000          413         1256           73            0 1069639.1172  298576.4793  226417.2342       0.0000          346         1005           31            0 1143069.3546  307760.7096  124227.8341       0.0000          278          809           16            0 1091573.6670  293655.7078   74025.1726       0.0000          218          580           11            0  975030.4113  275193.2298   59672.7426       0.0000          174          460            3            0  855310.5769  234533.7525   18608.4506       0.0000          139          355            1            0  728572.8412  200919.3183    6260.6815       0.0000            0            0            0            0       0.0000       0.0000       0.0000       0.0000
                        147600            0            0            0            0       0.0000       0.0000       0.0000       0.0000            0            0            0            0       0.0000       0.0000       0.0000       0.0000          650         1405          460            0  595438.5233  149201.0187  567175.5510       0.0000          428         1559          196            0  781949.6955  208573.6246  417342.4038       0.0000          410         1307           76            0 1062089.5382  299440.4539  235613.6605       0.0000          345         1046           32            0 1139885.0272  307308.0304  128787.3356       0.0000          278          854           16            0 1091596.0688  296206.7758   74025.1726       0.0000          218          609           11            0  975043.8184  277290.0553   59672.7426       0.0000          174          478            3            0  855318.0265  236127.6567   18608.4506       0.0000          139          370            1            0  728575.4171  201636.3868    6260.6815       0.0000            0            0            0            0       0.0000       0.0000       0.0000       0.0000
                        151200            0            0            0            0       0.0000       0.0000       0.0000       0.0000            0            0            0            0       0.0000       0.0000       0.0000       0.0000          690         1405          460            0  624121.2221  155213.6739  567175.5510       0.0000          428         1559          196            0  781998.7044  210544.5364  417342.4038       0.0000          410         1307           76            0 1062126.3828  301670.2393  235613.6605       0.0000          345         1046           32            0 1139905.4019  309064.0281  128787.3356       0.0000          278          854           16            0 1091620.5793  298846.3197   74025.1726       0.0000          218          609           11            0  975054.6625  278958.6582   59672.7426       0.0000          174          478            3            0  855332.3958  239103.1345   18608.4506       0.0000          139          370            1            0  728581.5523  203384.1269    6260.6815       0.0000            0            0            0            0       0.0000       0.0000       0.0000       0.0000
                        154800            0            0            0            0       0.0000       0.0000       0.0000       0.0000            0            0            0            0       0.0000       0.0000       0.0000       0.0000          738         1405          460            0  658554.1013  162983.8738  567175.5510       0.0000          427         1559          196            0  779841.1190  211464.9979  417342.4038       0.0000          411         1307           76            0 1064340.9524  303333.5437  235613.6605       0.0000          345         1046           32            0 1139934.7837  311647.9875  128787.3356       0.0000          278          854           16            0 1091642.8401  301412.7000   74025.1726       0.0000          218          609           11            0  975062.2201  280217.0237   59672.7426       0.0000          174          478            3            0  855340.7670  240933.5002   18608.4506       0.0000          139          370            1            0  728585.9379  204609.3081    6260.6815       0.0000            0            0            0            0       0.0000       0.0000       0.0000       0.0000
                        158400            0            0            0            0       0.0000       0.0000       0.0000       0.0000            0            0            0            0       0.0000       0.0000       0.0000       0.0000          753         1438          477            0  663325.9615  162464.0245  591430.4879       0.0000          416         1608          207            0  759797.2233  207099.9403  443141.3480       0.0000          408         1353           79            0 1057034.1416  302007.4641  245471.5802       0.0000          342         1083           35            0 1130041.4096  311021.5208  140996.0553       0.0000          278          887           16            0 1091663.6442  303762.0600   74025.1726       0.0000          218          633           11            0  975071.2822  281665.2111   59672.7426       0.0000          174          499            3            0  855345.1800  241813.2945   18608.4506       0.0000          139          382            1            0  728595.5031  207255.0854    6260.6815       0.0000            0            0            0            0       0.0000       0.0000       0.0000       0.0000
                        162000            0            0            0            0       0.0000       0.0000       0.0000       0.0000            0            0            0            0       0.0000       0.0000       0.0000       0.0000          793         1438          477            0  692023.1461  169783.6753  591430.4879       0.0000          416         1608          207            0  759848.3168  209117.7823  443141.3480       0.0000          408         1353           79            0 1057079.0636  304524.5066  245471.5802       0.0000          342         1083           35            0 1130080.3910  314184.4381  140996.0553       0.0000          278          887           16            0 1091682.3944  305974.0688   74025.1726       0.0000          218          633           11            0  975085.7437  283913.5426   59672.7426       0.0000          174          499            3            0  855352.5294  243409.1932   18608.4506       0.0000          139          382            1            0  728602.4868  209166.8267    6260.6815       0.0000            0            0            0            0       0.0000       0.0000       0.0000       0.0000
                        165600            0            0            0            0       0.0000       0.0000       0.0000       0.0000            0            0            0            0       0.0000       0.0000       0.0000       0.0000          785         1481          492            1  681054.3190  166423.3278  612108.7038     730.5172          409         1654          214            0  747376.1782  206213.4901  459604.1938       0.0000          406         1402           81            0 1052350.2091  305811.4333  251340.4797       0.0000          340         1116           37            0 1123270.6343  314415.6547  149890.9960       0.0000          277          928           17            0 1087726.6071  308430.9211   79285.8676       0.0000          218          649           11            0  975096.1484  285624.3850   59672.7426       0.0000          174          521            3            0  855362.2398  245518.0140   18608.4506       0.0000          139          400            1            0  728610.0917  211327.6266    6260.6815       0.0000            0            0            0            0       0.0000       0.0000       0.0000       0.0000
                        169200            0            0            0            0       0.0000       0.0000       0.0000       0.0000            0            0            0            0       0.0000       0.0000       0.0000       0.0000          801         1481          492            1  692537.0735  169110.0849  612108.7038     730.5172          409         1654          214            0  747401.7404  207189.5122  459604.1938       0.0000          405         1402           81            0 1049444.4887  307700.2820  251340.4797       0.0000          341         1116           37            0 1126240.3515  316654.3826  149890.9960       0.0000          277          928           17            0 1087755.1408  311749.8608   79285.8676       0.0000          218          649           11            0  975112.2411  288077.8274   59672.7426       0.0000          174          521            3            0  855370.7900  247317.5381   18608.4506       0.0000          139          400            1            0  728613.5575  212277.4845    6260.6815       0.0000            0            0            0            0       0.0000       0.0000       0.0000       0.0000
                        172800            0            0            0            0       0.0000       0.0000       0.0000       0.0000            0            0            0            0       0.0000       0.0000       0.0000       0.0000          801         1481          492            1  692562.0122  169646.8171  612108.7038     730.5172          409         1654          214            0  747438.0215  208672.2016  459604.1938       0.0000          405         1402           81            0 1049483.5213  310008.6159  251340.4797       0.0000          341         1116           37            0 1126264.6639  318628.7604  149890.9960       0.0000          277          928           17            0 1087767.5932  313218.0780   79285.8676       0.0000          218          649           11            0  975124.6797  289890.9063   59672.7426       0.0000          174          521            3            0  855373.7808  248069.0559   18608.4506       0.0000          139          400            1            0  728617.1427  213244.2092    6260.6815       0.0000            0            0            0            0       0.0000       0.0000       0.0000       0.0000
                        176400            0            0            0            0       0.0000       0.0000       0.0000       0.0000            0            0            0            0       0.0000       0.0000       0.0000       0.0000          813         1520          504            1  696053.1882  169739.1475  629973.4454     730.5172          398         1690          225            0  728222.9025  205285.2635  484244.8081       0.0000          401         1453           85            0 1039286.6443  308703.6085  265173.6356       0.0000          340         1164           38            0 1122931.2686  320308.4673  154249.9735       0.0000          275          970           19            0 1079904.7833  312824.4707   89123.9062       0.0000          218          683           11            0  975139.0476  292162.7700   59672.7426       0.0000          174          545            3            0  855381.4005  249641.5693   18608.4506       0.0000          139          426            1            0  728624.9155  215446.4673    6260.6815       0.0000            0            0            0            0       0.0000       0.0000       0.0000       0.0000
                        180000            0            0            0            0       0.0000       0.0000       0.0000       0.0000            0            0            0            0       0.0000       0.0000       0.0000       0.0000          821         1520          504            1  701816.7171  171662.3543  629973.4454     730.5172          398         1690          225            0  728278.1196  207395.1824  484244.8081       0.0000          401         1453           85            0 1039317.6051  310482.3457  265173.6356       0.0000          340         1164           38            0 1122959.5252  322509.9404  154249.9735       0.0000          275          970           19            0 1079924.2407  314992.3257   89123.9062       0.0000          218          683           11            0  975149.6206  293817.5072   59672.7426       0.0000          174          545            3            0  855386.6157  250730.6645   18608.4506       0.0000          139          426            1            0  728626.6906  215917.3034    6260.6815       0.0000            0            0            0            0       0.0000       0.0000       0.0000       0.0000
                        183600            0            0            0            0       0.0000       0.0000       0.0000       0.0000            0            0            0            0       0.0000       0.0000       0.0000       0.0000          829         1543          512            1  705820.1491  173064.9924  639185.2961     730.5172          395         1740          228            0  723177.3176  207251.3888  490391.0046       0.0000          395         1500           91            0 1023909.3408  308377.4935  284427.8634       0.0000          338         1204           40            0 1116669.8263  322236.9142  162656.4397       0.0000          272         1012           22            0 1068275.4527  313169.8956  104739.1878       0.0000          216          708           13            0  966489.5415  294376.0543   70278.4343       0.0000          173          564            4            0  850600.2595  250786.2566   24256.7131       0.0000          139          438            1            0  728631.9473  217289.0674    6260.6815       0.0000            0            0            0            0       0.0000       0.0000       0.0000       0.0000
                        187200            0            0            0            0       0.0000       0.0000       0.0000       0.0000            0            0            0            0       0.0000       0.0000       0.0000       0.0000          845         1543          512            1  717299.8686  176176.4756  639185.2961     730.5172          394         1740          228            0  721019.7996  208593.1866  490391.0046       0.0000          396         1500           91            0 1026134.1315  310208.0832  284427.8634       0.0000          338         1204           40            0 1116705.1149  325062.2289  162656.4397       0.0000          272         1012           22            0 1068289.7148  314813.3840  104739.1878       0.0000          216          708           13            0  966498.9883  295808.5442   70278.4343       0.0000          173          564            4            0  850607.7756  252238.9818   24256.7131       0.0000          139          438            1            0  728639.9901  219378.7644    6260.6815       0.0000            0            0            0            0       0.0000       0.0000       0.0000       0.0000
