BioMASSver                             0.22
date                             2016/05/12
hour                               13:36:01
biomass.model.taxonomy.Plant2 
Generic                       
Plant                         
longevity                             36499
linf                                 0.0000
t0                                   0.0000
k                                    0.5000
a                                    0.0000
b                                    0.0000
newborn_orgs                            400
pop_deathrate                        0.0007
rep_cycle                             18250
age_classes                               2
                         steps       orgs00        hid00     killed00    starved00   leanmass00    fatmass00   killmass00  starvemas00       orgs01        hid01     killed01    starved01   leanmass01    fatmass01   killmass01  starvemas01
                             0          400            0            0            0  178023.5837   83775.8041       0.0000       0.0000            0            0            0            0       0.0000       0.0000       0.0000       0.0000
                          3600          400            0            0            0   21389.0040   10065.4136  234167.4824       0.0000            0            0            0            0       0.0000       0.0000       0.0000       0.0000
                          7200          400            0            0            0   28833.6698   13568.7858  234167.4824       0.0000            0            0            0            0       0.0000       0.0000       0.0000       0.0000
                         10800          400            0            0            0   31303.3020   14730.9657  506857.3029       0.0000            0            0            0            0       0.0000       0.0000       0.0000       0.0000
                         14400          400            0            0            0   38832.3182   18274.0321  506857.3029       0.0000            0            0            0            0       0.0000       0.0000       0.0000       0.0000
                         18000          400            0            0            0   47033.5456   22133.4332  898031.6371       0.0000            0            0            0            0       0.0000       0.0000       0.0000       0.0000
                         21600          400            0            0            0   50936.8738   23970.2936  898031.6371       0.0000            0            0            0            0       0.0000       0.0000       0.0000       0.0000
                         25200          400            0            0            0   57489.7055   27053.9790  898031.6371       0.0000            0            0            0            0       0.0000       0.0000       0.0000       0.0000
                         28800          400            0            0            0   65616.8367   30878.5114 1200694.6098       0.0000            0            0            0            0       0.0000       0.0000       0.0000       0.0000
                         32400          400            0            0            0   69974.3115   32929.0878 1200694.6098       0.0000            0            0            0            0       0.0000       0.0000       0.0000       0.0000
                         36000          400            0            0            0   76542.5187   36020.0088 1414169.0945       0.0000            0            0            0            0       0.0000       0.0000       0.0000       0.0000
                         39600          400            0            0            0   78961.2418   37158.2314 1414169.0945       0.0000            0            0            0            0       0.0000       0.0000       0.0000       0.0000
                         43200          400            0            0            0   84743.9202   39879.4918 1414169.0945       0.0000            0            0            0            0       0.0000       0.0000       0.0000       0.0000
                         46800          400            0            0            0   93479.0040   43990.1195 1563922.4064       0.0000            0            0            0            0       0.0000       0.0000       0.0000       0.0000
                         50400          400            0            0            0  101972.8848   47987.2399 1563922.4064       0.0000            0            0            0            0       0.0000       0.0000       0.0000       0.0000
                         54000          400            0            0            0  110293.3168   51902.7373 1693195.9746       0.0000            0            0            0            0       0.0000       0.0000       0.0000       0.0000
                         57600          400            0            0            0  116078.3240   54625.0936 1693195.9746       0.0000            0            0            0            0       0.0000       0.0000       0.0000       0.0000
                         61200          400            0            0            0  125302.4367   58965.8526 1829359.8637       0.0000            0            0            0            0       0.0000       0.0000       0.0000       0.0000
                         64800          400            0            0            0  131536.1163   61899.3488 1829359.8637       0.0000            0            0            0            0       0.0000       0.0000       0.0000       0.0000
                         68400          400            0            0            0  140486.4035   66111.2487 1829359.8637       0.0000            0            0            0            0       0.0000       0.0000       0.0000       0.0000
                         72000          400            0            0            0  148668.5283   69961.6604 1955656.1192       0.0000            0            0            0            0       0.0000       0.0000       0.0000       0.0000
                         75600          400            0            0            0  157102.9629   73930.8061 1955656.1192       0.0000            0            0            0            0       0.0000       0.0000       0.0000       0.0000
                         79200          400            0            0            0  163589.9799   76983.5200 2073850.7599       0.0000            0            0            0            0       0.0000       0.0000       0.0000       0.0000
                         82800          400            0            0            0  167050.0820   78611.8033 2073850.7599       0.0000            0            0            0            0       0.0000       0.0000       0.0000       0.0000
                         86400          400            0            0            0  174307.5193   82027.0679 2073850.7599       0.0000            0            0            0            0       0.0000       0.0000       0.0000       0.0000
                         90000          400            0            0            0  178022.9028   83775.4837 2203427.7981       0.0000            0            0            0            0       0.0000       0.0000       0.0000       0.0000
                         93600          400            0            0            0  178023.5831   83775.8038 2203427.7981       0.0000            0            0            0            0       0.0000       0.0000       0.0000       0.0000
                         97200          400            0            0            0  178015.3119   83771.9115 2320342.2610       0.0000            0            0            0            0       0.0000       0.0000       0.0000       0.0000
                        100800          400            0            0            0  178023.5767   83775.8008 2320342.2610       0.0000            0            0            0            0       0.0000       0.0000       0.0000       0.0000
                        104400          400            0            0            0  177883.8342   83710.0396 2444967.0467       0.0000            0            0            0            0       0.0000       0.0000       0.0000       0.0000
                        108000          400            0            0            0  178023.4679   83775.7496 2444967.0467       0.0000            0            0            0            0       0.0000       0.0000       0.0000       0.0000
                        111600          400            0            0            0  178023.5836   83775.8040 2444967.0467       0.0000            0            0            0            0       0.0000       0.0000       0.0000       0.0000
                        115200          400            0            0            0  178021.9194   83775.0209 2582880.9457       0.0000            0            0            0            0       0.0000       0.0000       0.0000       0.0000
                        118800          400            0            0            0  178023.5821   83775.8034 2582880.9457       0.0000            0            0            0            0       0.0000       0.0000       0.0000       0.0000
                        122400          400            0            0            0  177999.4051   83764.4259 2703850.9940       0.0000            0            0            0            0       0.0000       0.0000       0.0000       0.0000
                        126000          400            0            0            0  178023.5644   83775.7950 2703850.9940       0.0000            0            0            0            0       0.0000       0.0000       0.0000       0.0000
                        129600          400            0            0            0  178023.5837   83775.8041 2703850.9940       0.0000            0            0            0            0       0.0000       0.0000       0.0000       0.0000
                        133200          400            0            0            0  178023.3216   83775.6807 2815007.8888       0.0000            0            0            0            0       0.0000       0.0000       0.0000       0.0000
                        136800          400            0            0            0  178023.5835   83775.8040 2815007.8888       0.0000            0            0            0            0       0.0000       0.0000       0.0000       0.0000
                        140400          400            0            0            0  178019.1737   83773.7288 2928233.8986       0.0000            0            0            0            0       0.0000       0.0000       0.0000       0.0000
                        144000          400            0            0            0  178023.5800   83775.8024 2928233.8986       0.0000            0            0            0            0       0.0000       0.0000       0.0000       0.0000
                        147600          400            0            0            0  177916.5667   83725.4432 3057382.0638       0.0000            0            0            0            0       0.0000       0.0000       0.0000       0.0000
                        151200          400            0            0            0  178023.5271   83775.7775 3057382.0638       0.0000            0            0            0            0       0.0000       0.0000       0.0000       0.0000
                        154800          400            0            0            0  178023.5837   83775.8041 3057382.0638       0.0000            0            0            0            0       0.0000       0.0000       0.0000       0.0000
                        158400          400            0            0            0  178023.0876   83775.5706 3178895.2124       0.0000            0            0            0            0       0.0000       0.0000       0.0000       0.0000
                        162000          400            0            0            0  178023.5834   83775.8040 3178895.2124       0.0000            0            0            0            0       0.0000       0.0000       0.0000       0.0000
                        165600          400            0            0            0  178017.7713   83773.0689 3288380.7476       0.0000            0            0            0            0       0.0000       0.0000       0.0000       0.0000
                        169200          400            0            0            0  178023.5824   83775.8035 3288380.7476       0.0000            0            0            0            0       0.0000       0.0000       0.0000       0.0000
                        172800          400            0            0            0  178023.5837   83775.8041 3288380.7476       0.0000            0            0            0            0       0.0000       0.0000       0.0000       0.0000
                        176400          400            0            0            0  178023.5829   83775.8037 3410582.8075       0.0000            0            0            0            0       0.0000       0.0000       0.0000       0.0000
                        180000          400            0            0            0  178023.5837   83775.8041 3410582.8075       0.0000            0            0            0            0       0.0000       0.0000       0.0000       0.0000
                        183600          400            0            0            0  178023.4290   83775.7313 3529897.3844       0.0000            0            0            0            0       0.0000       0.0000       0.0000       0.0000
                        187200          400            0            0            0  178023.5837   83775.8041 3529897.3844       0.0000            0            0            0            0       0.0000       0.0000       0.0000       0.0000
                        190800          400            0            0            0  177982.2078   83756.3331 3642159.2277       0.0000            0            0            0            0       0.0000       0.0000       0.0000       0.0000
                        194400          400            0            0            0  178023.5837   83775.8041 3642159.2277       0.0000            0            0            0            0       0.0000       0.0000       0.0000       0.0000
                        198000          400            0            0            0  178023.5837   83775.8041 3642159.2277       0.0000            0            0            0            0       0.0000       0.0000       0.0000       0.0000
                        201600          400            0            0            0  178023.5759   83775.8004 3755906.6343       0.0000            0            0            0            0       0.0000       0.0000       0.0000       0.0000
                        205200          400            0            0            0  178023.5837   83775.8041 3755906.6343       0.0000            0            0            0            0       0.0000       0.0000       0.0000       0.0000
                        208800          400            0            0            0  178021.5603   83774.8519 3869991.4871       0.0000            0            0            0            0       0.0000       0.0000       0.0000       0.0000
                        212400          400            0            0            0  178023.5837   83775.8041 3869991.4871       0.0000            0            0            0            0       0.0000       0.0000       0.0000       0.0000
                        216000          400            0            0            0  178023.5837   83775.8041 3869991.4871       0.0000            0            0            0            0       0.0000       0.0000       0.0000       0.0000
                        219600          400            0            0            0  178023.5834   83775.8039 3967568.5661       0.0000            0            0            0            0       0.0000       0.0000       0.0000       0.0000
                        223200          400            0            0            0  178023.5837   83775.8041 3967568.5661       0.0000            0            0            0            0       0.0000       0.0000       0.0000       0.0000
                        226800          400            0            0            0  178023.5038   83775.7665 4065742.7019       0.0000            0            0            0            0       0.0000       0.0000       0.0000       0.0000
                        230400          400            0            0            0  178023.5837   83775.8041 4065742.7019       0.0000            0            0            0            0       0.0000       0.0000       0.0000       0.0000
                        234000          400            0            0            0  177996.5454   83763.0802 4177813.0282       0.0000            0            0            0            0       0.0000       0.0000       0.0000       0.0000
                        237600          400            0            0            0  178023.5837   83775.8041 4177813.0282       0.0000            0            0            0            0       0.0000       0.0000       0.0000       0.0000
                        241200          400            0            0            0  178023.5837   83775.8041 4177813.0282       0.0000            0            0            0            0       0.0000       0.0000       0.0000       0.0000
                        244800          400            0            0            0  178023.5824   83775.8035 4278214.5054       0.0000            0            0            0            0       0.0000       0.0000       0.0000       0.0000
                        248400          400            0            0            0  178023.5837   83775.8041 4278214.5054       0.0000            0            0            0            0       0.0000       0.0000       0.0000       0.0000
                        252000          400            0            0            0  178023.2014   83775.6242 4373815.6031       0.0000            0            0            0            0       0.0000       0.0000       0.0000       0.0000
                        255600          400            0            0            0  178023.5837   83775.8041 4373815.6031       0.0000            0            0            0            0       0.0000       0.0000       0.0000       0.0000
                        259200          400            0            0            0  178023.5837   83775.8041 4373815.6031       0.0000            0            0            0            0       0.0000       0.0000       0.0000       0.0000
                        262800          400            0            0            0  178023.5837   83775.8041 4474545.8472       0.0000            0            0            0            0       0.0000       0.0000       0.0000       0.0000
                        266400          400            0            0            0  178023.5837   83775.8041 4474545.8472       0.0000            0            0            0            0       0.0000       0.0000       0.0000       0.0000
                        270000          400            0            0            0  178023.5798   83775.8023 4573304.1575       0.0000            0            0            0            0       0.0000       0.0000       0.0000       0.0000
                        273600          400            0            0            0  178023.5837   83775.8041 4573304.1575       0.0000            0            0            0            0       0.0000       0.0000       0.0000       0.0000
                        277200          400            0            0            0  178007.5543   83768.2608 4667808.4068       0.0000            0            0            0            0       0.0000       0.0000       0.0000       0.0000
                        280800          400            0            0            0  178023.5837   83775.8041 4667808.4068       0.0000            0            0            0            0       0.0000       0.0000       0.0000       0.0000
                        284400          400            0            0            0  178023.5837   83775.8041 4667808.4068       0.0000            0            0            0            0       0.0000       0.0000       0.0000       0.0000
                        288000          400            0            0            0  178023.5837   83775.8041 4767742.5283       0.0000            0            0            0            0       0.0000       0.0000       0.0000       0.0000
                        291600          400            0            0            0  178023.5837   83775.8041 4767742.5283       0.0000            0            0            0            0       0.0000       0.0000       0.0000       0.0000
                        295200          400            0            0            0  178023.4355   83775.7344 4867547.7273       0.0000            0            0            0            0       0.0000       0.0000       0.0000       0.0000
                        298800          400            0            0            0  178023.5837   83775.8041 4867547.7273       0.0000            0            0            0            0       0.0000       0.0000       0.0000       0.0000
                        302400          400            0            0            0  178023.5837   83775.8041 4867547.7273       0.0000            0            0            0            0       0.0000       0.0000       0.0000       0.0000
                        306000          400            0            0            0  178023.5837   83775.8041 4958327.8244       0.0000            0            0            0            0       0.0000       0.0000       0.0000       0.0000
                        309600          400            0            0            0  178023.5837   83775.8041 4958327.8244       0.0000            0            0            0            0       0.0000       0.0000       0.0000       0.0000
                        313200          400            0            0            0  178023.5819   83775.8032 5044640.2968       0.0000            0            0            0            0       0.0000       0.0000       0.0000       0.0000
                        316800          400            0            0            0  178023.5837   83775.8041 5044640.2968       0.0000            0            0            0            0       0.0000       0.0000       0.0000       0.0000
                        320400          400            0            0            0  178009.5938   83769.2206 5148869.7695       0.0000            0            0            0            0       0.0000       0.0000       0.0000       0.0000
                        324000          400            0            0            0  178023.5837   83775.8041 5148869.7695       0.0000            0            0            0            0       0.0000       0.0000       0.0000       0.0000
                        327600          400            0            0            0  178023.5837   83775.8041 5148869.7695       0.0000            0            0            0            0       0.0000       0.0000       0.0000       0.0000
                        331200          400            0            0            0  178023.5837   83775.8041 5239346.2391       0.0000            0            0            0            0       0.0000       0.0000       0.0000       0.0000
                        334800          400            0            0            0  178023.5837   83775.8041 5239346.2391       0.0000            0            0            0            0       0.0000       0.0000       0.0000       0.0000
                        338400          400            0            0            0  178023.5301   83775.7789 5321604.8446       0.0000            0            0            0            0       0.0000       0.0000       0.0000       0.0000
                        342000          400            0            0            0  178023.5837   83775.8041 5321604.8446       0.0000            0            0            0            0       0.0000       0.0000       0.0000       0.0000
                        345600          400            0            0            0  178023.5837   83775.8041 5321604.8446       0.0000            0            0            0            0       0.0000       0.0000       0.0000       0.0000
                        349200          400            0            0            0  178023.5837   83775.8041 5408918.8619       0.0000            0            0            0            0       0.0000       0.0000       0.0000       0.0000
                        352800          400            0            0            0  178023.5837   83775.8041 5408918.8619       0.0000            0            0            0            0       0.0000       0.0000       0.0000       0.0000
                        356400          400            0            0            0  178023.5836   83775.8041 5489137.3101       0.0000            0            0            0            0       0.0000       0.0000       0.0000       0.0000
                        360000          400            0            0            0  178023.5837   83775.8041 5489137.3101       0.0000            0            0            0            0       0.0000       0.0000       0.0000       0.0000
                        363600          400            0            0            0  178016.2885   83772.3711 5572111.4866       0.0000            0            0            0            0       0.0000       0.0000       0.0000       0.0000
                        367200          400            0            0            0  178023.5837   83775.8041 5572111.4866       0.0000            0            0            0            0       0.0000       0.0000       0.0000       0.0000
                        370800          400            0            0            0  178023.5837   83775.8041 5572111.4866       0.0000            0            0            0            0       0.0000       0.0000       0.0000       0.0000
                        374400          400            0            0            0  178023.5837   83775.8041 5649801.7558       0.0000            0            0            0            0       0.0000       0.0000       0.0000       0.0000
                        378000          400            0            0            0  178023.5837   83775.8041 5649801.7558       0.0000            0            0            0            0       0.0000       0.0000       0.0000       0.0000
                        381600          400            0            0            0  178023.5680   83775.7967 5730320.3619       0.0000            0            0            0            0       0.0000       0.0000       0.0000       0.0000
                        385200          400            0            0            0  178023.5837   83775.8041 5730320.3619       0.0000            0            0            0            0       0.0000       0.0000       0.0000       0.0000
                        388800          400            0            0            0  178023.5837   83775.8041 5730320.3619       0.0000            0            0            0            0       0.0000       0.0000       0.0000       0.0000
                        392400          400            0            0            0  178023.5837   83775.8041 5799653.8348       0.0000            0            0            0            0       0.0000       0.0000       0.0000       0.0000
                        396000          400            0            0            0  178023.5837   83775.8041 5799653.8348       0.0000            0            0            0            0       0.0000       0.0000       0.0000       0.0000
                        399600          400            0            0            0  178023.5837   83775.8041 5874756.0733       0.0000            0            0            0            0       0.0000       0.0000       0.0000       0.0000
                        403200          400            0            0            0  178023.5837   83775.8041 5874756.0733       0.0000            0            0            0            0       0.0000       0.0000       0.0000       0.0000
                        406800          400            0            0            0  178018.8663   83773.5841 5957852.9751       0.0000            0            0            0            0       0.0000       0.0000       0.0000       0.0000
                        410400          400            0            0            0  178023.5837   83775.8041 5957852.9751       0.0000            0            0            0            0       0.0000       0.0000       0.0000       0.0000
                        414000          400            0            0            0  178023.5837   83775.8041 5957852.9751       0.0000            0            0            0            0       0.0000       0.0000       0.0000       0.0000
                        417600          400            0            0            0  178023.5837   83775.8041 6025390.5314       0.0000            0            0            0            0       0.0000       0.0000       0.0000       0.0000
                        421200          400            0            0            0  178023.5837   83775.8041 6025390.5314       0.0000            0            0            0            0       0.0000       0.0000       0.0000       0.0000
                        424800          400            0            0            0  178023.5786   83775.8017 6087954.6995       0.0000            0            0            0            0       0.0000       0.0000       0.0000       0.0000
                        428400          400            0            0            0  178023.5837   83775.8041 6087954.6995       0.0000            0            0            0            0       0.0000       0.0000       0.0000       0.0000
                        432000          400            0            0            0  178023.5837   83775.8041 6087954.6995       0.0000            0            0            0            0       0.0000       0.0000       0.0000       0.0000
                        435600          400            0            0            0  178023.5837   83775.8041 6156916.4542       0.0000            0            0            0            0       0.0000       0.0000       0.0000       0.0000
                        439200          400            0            0            0  178023.5837   83775.8041 6156916.4542       0.0000            0            0            0            0       0.0000       0.0000       0.0000       0.0000
                        442800          400            0            0            0  178023.5837   83775.8041 6225087.8380       0.0000            0            0            0            0       0.0000       0.0000       0.0000       0.0000
                        446400          400            0            0            0  178023.5837   83775.8041 6225087.8380       0.0000            0            0            0            0       0.0000       0.0000       0.0000       0.0000
                        450000          400            0            0            0  178021.1052   83774.6378 6290313.7347       0.0000            0            0            0            0       0.0000       0.0000       0.0000       0.0000
                        453600          400            0            0            0  178023.5837   83775.8041 6290313.7347       0.0000            0            0            0            0       0.0000       0.0000       0.0000       0.0000
                        457200          400            0            0            0  178023.5837   83775.8041 6290313.7347       0.0000            0            0            0            0       0.0000       0.0000       0.0000       0.0000
                        460800          400            0            0            0  178023.5837   83775.8041 6356731.0158       0.0000            0            0            0            0       0.0000       0.0000       0.0000       0.0000
                        464400          400            0            0            0  178023.5837   83775.8041 6356731.0158       0.0000            0            0            0            0       0.0000       0.0000       0.0000       0.0000
                        468000          400            0            0            0  178023.5826   83775.8036 6417004.4580       0.0000            0            0            0            0       0.0000       0.0000       0.0000       0.0000
                        471600          400            0            0            0  178023.5837   83775.8041 6417004.4580       0.0000            0            0            0            0       0.0000       0.0000       0.0000       0.0000
                        475200          400            0            0            0  178023.5837   83775.8041 6417004.4580       0.0000            0            0            0            0       0.0000       0.0000       0.0000       0.0000
                        478800          400            0            0            0  178023.5837   83775.8041 6469372.6785       0.0000            0            0            0            0       0.0000       0.0000       0.0000       0.0000
                        482400          400            0            0            0  178023.5837   83775.8041 6469372.6785       0.0000            0            0            0            0       0.0000       0.0000       0.0000       0.0000
                        486000          400            0            0            0  178023.5837   83775.8041 6530213.0559       0.0000            0            0            0            0       0.0000       0.0000       0.0000       0.0000
                        489600          400            0            0            0  178023.5837   83775.8041 6530213.0559       0.0000            0            0            0            0       0.0000       0.0000       0.0000       0.0000
