BioMASSver                             0.22
date                             2014/11/12
hour                               17:04:10
biomass.model.taxonomy.Plant2 
Generic                       
Plant                         
longevity                             36499
linf                                 0.0000
t0                                   0.0000
k                                    0.5000
a                                    0.0000
b                                    0.0000
newborn_orgs                            400
pop_deathrate                        0.0007
rep_cycle                             18250
age_classes                               2
                         steps       orgs00        hid00     killed00    starved00   leanmass00    fatmass00   killmass00  starvemas00       orgs01        hid01     killed01    starved01   leanmass01    fatmass01   killmass01  starvemas01
                             0          400            0            0            0  178023.5837   83775.8041       0.0000       0.0000            0            0            0            0       0.0000       0.0000       0.0000       0.0000
                          3600          400            0            0            0   24320.2803   11444.8378  239449.5598       0.0000            0            0            0            0       0.0000       0.0000       0.0000       0.0000
                          7200          400            0            0            0   28871.9058   13586.7792  239449.5598       0.0000            0            0            0            0       0.0000       0.0000       0.0000       0.0000
                         10800          400            0            0            0   28236.3600   13287.6988  512404.4175       0.0000            0            0            0            0       0.0000       0.0000       0.0000       0.0000
                         14400          400            0            0            0   32665.7126   15372.1001  512404.4175       0.0000            0            0            0            0       0.0000       0.0000       0.0000       0.0000
                         18000          400            0            0            0   39594.8158   18632.8545  885810.3791       0.0000            0            0            0            0       0.0000       0.0000       0.0000       0.0000
                         21600          400            0            0            0   44366.6048   20878.4023  885810.3791       0.0000            0            0            0            0       0.0000       0.0000       0.0000       0.0000
                         25200          400            0            0            0   51378.2556   24178.0026  885810.3791       0.0000            0            0            0            0       0.0000       0.0000       0.0000       0.0000
                         28800          400            0            0            0   59783.6692   28133.4914 1179747.5272       0.0000            0            0            0            0       0.0000       0.0000       0.0000       0.0000
                         32400          400            0            0            0   65689.1447   30912.5387 1179747.5272       0.0000            0            0            0            0       0.0000       0.0000       0.0000       0.0000
                         36000          400            0            0            0   73543.2310   34608.5793 1373155.5538       0.0000            0            0            0            0       0.0000       0.0000       0.0000       0.0000
                         39600          400            0            0            0   78466.1819   36925.2621 1373155.5538       0.0000            0            0            0            0       0.0000       0.0000       0.0000       0.0000
                         43200          400            0            0            0   84816.9200   39913.8447 1373155.5538       0.0000            0            0            0            0       0.0000       0.0000       0.0000       0.0000
                         46800          400            0            0            0   91621.2192   43115.8679 1521397.1271       0.0000            0            0            0            0       0.0000       0.0000       0.0000       0.0000
                         50400          400            0            0            0   97114.1026   45700.7542 1521397.1271       0.0000            0            0            0            0       0.0000       0.0000       0.0000       0.0000
                         54000          400            0            0            0  101129.0109   47590.1228 1653054.1358       0.0000            0            0            0            0       0.0000       0.0000       0.0000       0.0000
                         57600          400            0            0            0  106231.5875   49991.3353 1653054.1358       0.0000            0            0            0            0       0.0000       0.0000       0.0000       0.0000
                         61200          400            0            0            0  117697.7563   55387.1794 1780079.0121       0.0000            0            0            0            0       0.0000       0.0000       0.0000       0.0000
                         64800          400            0            0            0  121343.6713   57102.9042 1780079.0121       0.0000            0            0            0            0       0.0000       0.0000       0.0000       0.0000
                         68400          400            0            0            0  129173.3700   60787.4683 1780079.0121       0.0000            0            0            0            0       0.0000       0.0000       0.0000       0.0000
                         72000          400            0            0            0  139488.4434   65641.6204 1907152.2642       0.0000            0            0            0            0       0.0000       0.0000       0.0000       0.0000
                         75600          400            0            0            0  146250.7267   68823.8714 1907152.2642       0.0000            0            0            0            0       0.0000       0.0000       0.0000       0.0000
                         79200          400            0            0            0  156757.2559   73768.1204 2037628.0817       0.0000            0            0            0            0       0.0000       0.0000       0.0000       0.0000
                         82800          400            0            0            0  164019.2997   77185.5528 2037628.0817       0.0000            0            0            0            0       0.0000       0.0000       0.0000       0.0000
                         86400          400            0            0            0  173188.7658   81500.5957 2037628.0817       0.0000            0            0            0            0       0.0000       0.0000       0.0000       0.0000
                         90000          400            0            0            0  178022.9573   83775.5093 2163300.6258       0.0000            0            0            0            0       0.0000       0.0000       0.0000       0.0000
                         93600          400            0            0            0  178023.5831   83775.8038 2163300.6258       0.0000            0            0            0            0       0.0000       0.0000       0.0000       0.0000
                         97200          400            0            0            0  178014.3297   83771.4493 2283675.1344       0.0000            0            0            0            0       0.0000       0.0000       0.0000       0.0000
                        100800          400            0            0            0  178023.5749   83775.8000 2283675.1344       0.0000            0            0            0            0       0.0000       0.0000       0.0000       0.0000
                        104400          400            0            0            0  177880.7661   83708.5958 2398667.0412       0.0000            0            0            0            0       0.0000       0.0000       0.0000       0.0000
                        108000          400            0            0            0  178023.4622   83775.7469 2398667.0412       0.0000            0            0            0            0       0.0000       0.0000       0.0000       0.0000
                        111600          400            0            0            0  178023.5836   83775.8040 2398667.0412       0.0000            0            0            0            0       0.0000       0.0000       0.0000       0.0000
                        115200          400            0            0            0  178021.5839   83774.8630 2509448.2336       0.0000            0            0            0            0       0.0000       0.0000       0.0000       0.0000
                        118800          400            0            0            0  178023.5818   83775.8032 2509448.2336       0.0000            0            0            0            0       0.0000       0.0000       0.0000       0.0000
                        122400          400            0            0            0  177995.9565   83762.8031 2620393.4162       0.0000            0            0            0            0       0.0000       0.0000       0.0000       0.0000
                        126000          400            0            0            0  178023.5590   83775.7925 2620393.4162       0.0000            0            0            0            0       0.0000       0.0000       0.0000       0.0000
                        129600          400            0            0            0  178023.5837   83775.8041 2620393.4162       0.0000            0            0            0            0       0.0000       0.0000       0.0000       0.0000
                        133200          400            0            0            0  178023.3119   83775.6762 2722334.3235       0.0000            0            0            0            0       0.0000       0.0000       0.0000       0.0000
                        136800          400            0            0            0  178023.5835   83775.8040 2722334.3235       0.0000            0            0            0            0       0.0000       0.0000       0.0000       0.0000
                        140400          400            0            0            0  178019.8877   83774.0648 2825449.7018       0.0000            0            0            0            0       0.0000       0.0000       0.0000       0.0000
                        144000          400            0            0            0  178023.5803   83775.8025 2825449.7018       0.0000            0            0            0            0       0.0000       0.0000       0.0000       0.0000
                        147600          400            0            0            0  177942.5863   83737.6877 2930464.3443       0.0000            0            0            0            0       0.0000       0.0000       0.0000       0.0000
                        151200          400            0            0            0  178023.5464   83775.7865 2930464.3443       0.0000            0            0            0            0       0.0000       0.0000       0.0000       0.0000
                        154800          400            0            0            0  178023.5837   83775.8041 2930464.3443       0.0000            0            0            0            0       0.0000       0.0000       0.0000       0.0000
                        158400          400            0            0            0  178022.8751   83775.4706 3036199.7500       0.0000            0            0            0            0       0.0000       0.0000       0.0000       0.0000
                        162000          400            0            0            0  178023.5832   83775.8039 3036199.7500       0.0000            0            0            0            0       0.0000       0.0000       0.0000       0.0000
                        165600          400            0            0            0  178016.8591   83772.6396 3153870.6248       0.0000            0            0            0            0       0.0000       0.0000       0.0000       0.0000
                        169200          400            0            0            0  178023.5825   83775.8035 3153870.6248       0.0000            0            0            0            0       0.0000       0.0000       0.0000       0.0000
                        172800          400            0            0            0  178023.5837   83775.8041 3153870.6248       0.0000            0            0            0            0       0.0000       0.0000       0.0000       0.0000
                        176400          400            0            0            0  178023.5829   83775.8037 3262209.5779       0.0000            0            0            0            0       0.0000       0.0000       0.0000       0.0000
                        180000          400            0            0            0  178023.5837   83775.8041 3262209.5779       0.0000            0            0            0            0       0.0000       0.0000       0.0000       0.0000
                        183600          400            0            0            0  178023.4140   83775.7242 3369292.1563       0.0000            0            0            0            0       0.0000       0.0000       0.0000       0.0000
                        187200          400            0            0            0  178023.5837   83775.8041 3369292.1563       0.0000            0            0            0            0       0.0000       0.0000       0.0000       0.0000
                        190800          400            0            0            0  177985.3157   83757.7956 3468113.0857       0.0000            0            0            0            0       0.0000       0.0000       0.0000       0.0000
                        194400          400            0            0            0  178023.5837   83775.8041 3468113.0857       0.0000            0            0            0            0       0.0000       0.0000       0.0000       0.0000
                        198000          400            0            0            0  178023.5837   83775.8041 3468113.0857       0.0000            0            0            0            0       0.0000       0.0000       0.0000       0.0000
                        201600          400            0            0            0  178023.5759   83775.8004 3561663.6967       0.0000            0            0            0            0       0.0000       0.0000       0.0000       0.0000
                        205200          400            0            0            0  178023.5837   83775.8041 3561663.6967       0.0000            0            0            0            0       0.0000       0.0000       0.0000       0.0000
                        208800          400            0            0            0  178021.6927   83774.9142 3651060.2665       0.0000            0            0            0            0       0.0000       0.0000       0.0000       0.0000
                        212400          400            0            0            0  178023.5837   83775.8041 3651060.2665       0.0000            0            0            0            0       0.0000       0.0000       0.0000       0.0000
                        216000          400            0            0            0  178023.5837   83775.8041 3651060.2665       0.0000            0            0            0            0       0.0000       0.0000       0.0000       0.0000
                        219600          400            0            0            0  178023.5834   83775.8040 3732791.3162       0.0000            0            0            0            0       0.0000       0.0000       0.0000       0.0000
                        223200          400            0            0            0  178023.5837   83775.8041 3732791.3162       0.0000            0            0            0            0       0.0000       0.0000       0.0000       0.0000
                        226800          400            0            0            0  178023.5067   83775.7679 3809610.2970       0.0000            0            0            0            0       0.0000       0.0000       0.0000       0.0000
                        230400          400            0            0            0  178023.5837   83775.8041 3809610.2970       0.0000            0            0            0            0       0.0000       0.0000       0.0000       0.0000
                        234000          400            0            0            0  178000.6736   83765.0229 3894090.0212       0.0000            0            0            0            0       0.0000       0.0000       0.0000       0.0000
                        237600          400            0            0            0  178023.5837   83775.8041 3894090.0212       0.0000            0            0            0            0       0.0000       0.0000       0.0000       0.0000
                        241200          400            0            0            0  178023.5837   83775.8041 3894090.0212       0.0000            0            0            0            0       0.0000       0.0000       0.0000       0.0000
                        244800          400            0            0            0  178023.5813   83775.8030 3977087.3412       0.0000            0            0            0            0       0.0000       0.0000       0.0000       0.0000
                        248400          400            0            0            0  178023.5837   83775.8041 3977087.3412       0.0000            0            0            0            0       0.0000       0.0000       0.0000       0.0000
                        252000          400            0            0            0  178023.0629   83775.5590 4067254.2296       0.0000            0            0            0            0       0.0000       0.0000       0.0000       0.0000
                        255600          400            0            0            0  178023.5837   83775.8041 4067254.2296       0.0000            0            0            0            0       0.0000       0.0000       0.0000       0.0000
                        259200          400            0            0            0  178023.5837   83775.8041 4067254.2296       0.0000            0            0            0            0       0.0000       0.0000       0.0000       0.0000
                        262800          400            0            0            0  178023.5837   83775.8041 4155867.7813       0.0000            0            0            0            0       0.0000       0.0000       0.0000       0.0000
                        266400          400            0            0            0  178023.5837   83775.8041 4155867.7813       0.0000            0            0            0            0       0.0000       0.0000       0.0000       0.0000
                        270000          400            0            0            0  178023.5799   83775.8023 4245709.0167       0.0000            0            0            0            0       0.0000       0.0000       0.0000       0.0000
                        273600          400            0            0            0  178023.5837   83775.8041 4245709.0167       0.0000            0            0            0            0       0.0000       0.0000       0.0000       0.0000
                        277200          400            0            0            0  178009.0870   83768.9821 4328548.6795       0.0000            0            0            0            0       0.0000       0.0000       0.0000       0.0000
                        280800          400            0            0            0  178023.5837   83775.8041 4328548.6795       0.0000            0            0            0            0       0.0000       0.0000       0.0000       0.0000
                        284400          400            0            0            0  178023.5837   83775.8041 4328548.6795       0.0000            0            0            0            0       0.0000       0.0000       0.0000       0.0000
                        288000          400            0            0            0  178023.5837   83775.8041 4399415.1069       0.0000            0            0            0            0       0.0000       0.0000       0.0000       0.0000
                        291600          400            0            0            0  178023.5837   83775.8041 4399415.1069       0.0000            0            0            0            0       0.0000       0.0000       0.0000       0.0000
                        295200          400            0            0            0  178023.4535   83775.7428 4467466.6530       0.0000            0            0            0            0       0.0000       0.0000       0.0000       0.0000
                        298800          400            0            0            0  178023.5837   83775.8041 4467466.6530       0.0000            0            0            0            0       0.0000       0.0000       0.0000       0.0000
                        302400          400            0            0            0  178023.5837   83775.8041 4467466.6530       0.0000            0            0            0            0       0.0000       0.0000       0.0000       0.0000
                        306000          400            0            0            0  178023.5837   83775.8041 4527754.8374       0.0000            0            0            0            0       0.0000       0.0000       0.0000       0.0000
                        309600          400            0            0            0  178023.5837   83775.8041 4527754.8374       0.0000            0            0            0            0       0.0000       0.0000       0.0000       0.0000
                        313200          400            0            0            0  178023.5825   83775.8035 4586005.6339       0.0000            0            0            0            0       0.0000       0.0000       0.0000       0.0000
                        316800          400            0            0            0  178023.5837   83775.8041 4586005.6339       0.0000            0            0            0            0       0.0000       0.0000       0.0000       0.0000
                        320400          400            0            0            0  178016.5276   83772.4836 4641336.7145       0.0000            0            0            0            0       0.0000       0.0000       0.0000       0.0000
                        324000          400            0            0            0  178023.5837   83775.8041 4641336.7145       0.0000            0            0            0            0       0.0000       0.0000       0.0000       0.0000
                        327600          400            0            0            0  178023.5837   83775.8041 4641336.7145       0.0000            0            0            0            0       0.0000       0.0000       0.0000       0.0000
                        331200          400            0            0            0  178023.5837   83775.8041 4704941.0003       0.0000            0            0            0            0       0.0000       0.0000       0.0000       0.0000
                        334800          400            0            0            0  178023.5837   83775.8041 4704941.0003       0.0000            0            0            0            0       0.0000       0.0000       0.0000       0.0000
                        338400          400            0            0            0  178023.5312   83775.7794 4777540.2426       0.0000            0            0            0            0       0.0000       0.0000       0.0000       0.0000
                        342000          400            0            0            0  178023.5837   83775.8041 4777540.2426       0.0000            0            0            0            0       0.0000       0.0000       0.0000       0.0000
                        345600          400            0            0            0  178023.5837   83775.8041 4777540.2426       0.0000            0            0            0            0       0.0000       0.0000       0.0000       0.0000
                        349200          400            0            0            0  178023.5837   83775.8041 4850092.2028       0.0000            0            0            0            0       0.0000       0.0000       0.0000       0.0000
                        352800          400            0            0            0  178023.5837   83775.8041 4850092.2028       0.0000            0            0            0            0       0.0000       0.0000       0.0000       0.0000
                        356400          400            0            0            0  178023.5836   83775.8041 4918122.4258       0.0000            0            0            0            0       0.0000       0.0000       0.0000       0.0000
                        360000          400            0            0            0  178023.5837   83775.8041 4918122.4258       0.0000            0            0            0            0       0.0000       0.0000       0.0000       0.0000
                        363600          400            0            0            0  178018.5379   83773.4296 4983496.0948       0.0000            0            0            0            0       0.0000       0.0000       0.0000       0.0000
                        367200          400            0            0            0  178023.5837   83775.8041 4983496.0948       0.0000            0            0            0            0       0.0000       0.0000       0.0000       0.0000
                        370800          400            0            0            0  178023.5837   83775.8041 4983496.0948       0.0000            0            0            0            0       0.0000       0.0000       0.0000       0.0000
                        374400          400            0            0            0  178023.5837   83775.8041 5034115.0682       0.0000            0            0            0            0       0.0000       0.0000       0.0000       0.0000
                        378000          400            0            0            0  178023.5837   83775.8041 5034115.0682       0.0000            0            0            0            0       0.0000       0.0000       0.0000       0.0000
                        381600          400            0            0            0  178023.5734   83775.7993 5087193.4379       0.0000            0            0            0            0       0.0000       0.0000       0.0000       0.0000
                        385200          400            0            0            0  178023.5837   83775.8041 5087193.4379       0.0000            0            0            0            0       0.0000       0.0000       0.0000       0.0000
                        388800          400            0            0            0  178023.5837   83775.8041 5087193.4379       0.0000            0            0            0            0       0.0000       0.0000       0.0000       0.0000
                        392400          400            0            0            0  178023.5837   83775.8041 5136772.5675       0.0000            0            0            0            0       0.0000       0.0000       0.0000       0.0000
                        396000          400            0            0            0  178023.5837   83775.8041 5136772.5675       0.0000            0            0            0            0       0.0000       0.0000       0.0000       0.0000
                        399600          400            0            0            0  178023.5837   83775.8041 5185917.3219       0.0000            0            0            0            0       0.0000       0.0000       0.0000       0.0000
                        403200          400            0            0            0  178023.5837   83775.8041 5185917.3219       0.0000            0            0            0            0       0.0000       0.0000       0.0000       0.0000
                        406800          400            0            0            0  178021.1033   83774.6369 5230065.2027       0.0000            0            0            0            0       0.0000       0.0000       0.0000       0.0000
                        410400          400            0            0            0  178023.5837   83775.8041 5230065.2027       0.0000            0            0            0            0       0.0000       0.0000       0.0000       0.0000
                        414000          400            0            0            0  178023.5837   83775.8041 5230065.2027       0.0000            0            0            0            0       0.0000       0.0000       0.0000       0.0000
                        417600          400            0            0            0  178023.5837   83775.8041 5281808.1447       0.0000            0            0            0            0       0.0000       0.0000       0.0000       0.0000
                        421200          400            0            0            0  178023.5837   83775.8041 5281808.1447       0.0000            0            0            0            0       0.0000       0.0000       0.0000       0.0000
                        424800          400            0            0            0  178023.5788   83775.8018 5337168.1017       0.0000            0            0            0            0       0.0000       0.0000       0.0000       0.0000
                        428400          400            0            0            0  178023.5837   83775.8041 5337168.1017       0.0000            0            0            0            0       0.0000       0.0000       0.0000       0.0000
                        432000          400            0            0            0  178023.5837   83775.8041 5337168.1017       0.0000            0            0            0            0       0.0000       0.0000       0.0000       0.0000
                        435600          400            0            0            0  178023.5837   83775.8041 5389772.3901       0.0000            0            0            0            0       0.0000       0.0000       0.0000       0.0000
                        439200          400            0            0            0  178023.5837   83775.8041 5389772.3901       0.0000            0            0            0            0       0.0000       0.0000       0.0000       0.0000
                        442800          400            0            0            0  178023.5837   83775.8041 5443008.0589       0.0000            0            0            0            0       0.0000       0.0000       0.0000       0.0000
                        446400          400            0            0            0  178023.5837   83775.8041 5443008.0589       0.0000            0            0            0            0       0.0000       0.0000       0.0000       0.0000
                        450000          400            0            0            0  178022.0785   83775.0958 5488930.5022       0.0000            0            0            0            0       0.0000       0.0000       0.0000       0.0000
                        453600          400            0            0            0  178023.5837   83775.8041 5488930.5022       0.0000            0            0            0            0       0.0000       0.0000       0.0000       0.0000
                        457200          400            0            0            0  178023.5837   83775.8041 5488930.5022       0.0000            0            0            0            0       0.0000       0.0000       0.0000       0.0000
                        460800          400            0            0            0  178023.5837   83775.8041 5524085.6352       0.0000            0            0            0            0       0.0000       0.0000       0.0000       0.0000
                        464400          400            0            0            0  178023.5837   83775.8041 5524085.6352       0.0000            0            0            0            0       0.0000       0.0000       0.0000       0.0000
                        468000          400            0            0            0  178023.5825   83775.8035 5562046.3853       0.0000            0            0            0            0       0.0000       0.0000       0.0000       0.0000
                        471600          400            0            0            0  178023.5837   83775.8041 5562046.3853       0.0000            0            0            0            0       0.0000       0.0000       0.0000       0.0000
                        475200          400            0            0            0  178023.5837   83775.8041 5562046.3853       0.0000            0            0            0            0       0.0000       0.0000       0.0000       0.0000
                        478800          400            0            0            0  178023.5837   83775.8041 5603525.9499       0.0000            0            0            0            0       0.0000       0.0000       0.0000       0.0000
                        482400          400            0            0            0  178023.5837   83775.8041 5603525.9499       0.0000            0            0            0            0       0.0000       0.0000       0.0000       0.0000
                        486000          400            0            0            0  178023.5837   83775.8041 5636724.5737       0.0000            0            0            0            0       0.0000       0.0000       0.0000       0.0000
                        489600          400            0            0            0  178023.5837   83775.8041 5636724.5737       0.0000            0            0            0            0       0.0000       0.0000       0.0000       0.0000
                        493200          400            0            0            0  178022.5690   83775.3266 5671943.8076       0.0000            0            0            0            0       0.0000       0.0000       0.0000       0.0000
                        496800          400            0            0            0  178023.5837   83775.8041 5671943.8076       0.0000            0            0            0            0       0.0000       0.0000       0.0000       0.0000
                        500400          400            0            0            0  178023.5837   83775.8041 5671943.8076       0.0000            0            0            0            0       0.0000       0.0000       0.0000       0.0000
                        504000          400            0            0            0  178023.5837   83775.8041 5707441.9057       0.0000            0            0            0            0       0.0000       0.0000       0.0000       0.0000
                        507600          400            0            0            0  178023.5837   83775.8041 5707441.9057       0.0000            0            0            0            0       0.0000       0.0000       0.0000       0.0000
                        511200          400            0            0            0  178023.5835   83775.8040 5745240.7613       0.0000            0            0            0            0       0.0000       0.0000       0.0000       0.0000
                        514800          400            0            0            0  178023.5837   83775.8041 5745240.7613       0.0000            0            0            0            0       0.0000       0.0000       0.0000       0.0000
                        518400          400            0            0            0  178023.5837   83775.8041 5745240.7613       0.0000            0            0            0            0       0.0000       0.0000       0.0000       0.0000
                        522000          400            0            0            0  178023.5837   83775.8041 5781222.7796       0.0000            0            0            0            0       0.0000       0.0000       0.0000       0.0000
                        525600          400            0            0            0  178023.5837   83775.8041 5781222.7796       0.0000            0            0            0            0       0.0000       0.0000       0.0000       0.0000
                        529200          400            0            0            0  178023.5837   83775.8041 5820000.8302       0.0000            0            0            0            0       0.0000       0.0000       0.0000       0.0000
                        532800          400            0            0            0  178023.5837   83775.8041 5820000.8302       0.0000            0            0            0            0       0.0000       0.0000       0.0000       0.0000
                        536400          400            0            0            0  178023.0165   83775.5372 5850397.2236       0.0000            0            0            0            0       0.0000       0.0000       0.0000       0.0000
                        540000          400            0            0            0  178023.5837   83775.8041 5850397.2236       0.0000            0            0            0            0       0.0000       0.0000       0.0000       0.0000
                        543600          400            0            0            0  178023.5837   83775.8041 5850397.2236       0.0000            0            0            0            0       0.0000       0.0000       0.0000       0.0000
                        547200          400            0            0            0  178023.5837   83775.8041 5880572.7883       0.0000            0            0            0            0       0.0000       0.0000       0.0000       0.0000
                        550800          400            0            0            0  178023.5837   83775.8041 5880572.7883       0.0000            0            0            0            0       0.0000       0.0000       0.0000       0.0000
                        554400          400            0            0            0  178023.5836   83775.8041 5903907.0494       0.0000            0            0            0            0       0.0000       0.0000       0.0000       0.0000
                        558000          400            0            0            0  178023.5837   83775.8041 5903907.0494       0.0000            0            0            0            0       0.0000       0.0000       0.0000       0.0000
                        561600          400            0            0            0  178023.5837   83775.8041 5903907.0494       0.0000            0            0            0            0       0.0000       0.0000       0.0000       0.0000
                        565200          400            0            0            0  178023.5837   83775.8041 5928903.0763       0.0000            0            0            0            0       0.0000       0.0000       0.0000       0.0000
                        568800          400            0            0            0  178023.5837   83775.8041 5928903.0763       0.0000            0            0            0            0       0.0000       0.0000       0.0000       0.0000
                        572400          400            0            0            0  178023.5837   83775.8041 5950941.3095       0.0000            0            0            0            0       0.0000       0.0000       0.0000       0.0000
                        576000          400            0            0            0  178023.5837   83775.8041 5950941.3095       0.0000            0            0            0            0       0.0000       0.0000       0.0000       0.0000
                        579600          400            0            0            0  178023.2544   83775.6491 5972978.6577       0.0000            0            0            0            0       0.0000       0.0000       0.0000       0.0000
                        583200          400            0            0            0  178023.5837   83775.8041 5972978.6577       0.0000            0            0            0            0       0.0000       0.0000       0.0000       0.0000
                        586800          400            0            0            0  178023.5837   83775.8041 5972978.6577       0.0000            0            0            0            0       0.0000       0.0000       0.0000       0.0000
                        590400          400            0            0            0  178023.5837   83775.8041 6001981.4352       0.0000            0            0            0            0       0.0000       0.0000       0.0000       0.0000
                        594000          400            0            0            0  178023.5837   83775.8041 6001981.4352       0.0000            0            0            0            0       0.0000       0.0000       0.0000       0.0000
                        597600          400            0            0            0  178023.5837   83775.8041 6027864.5756       0.0000            0            0            0            0       0.0000       0.0000       0.0000       0.0000
                        601200          400            0            0            0  178023.5837   83775.8041 6027864.5756       0.0000            0            0            0            0       0.0000       0.0000       0.0000       0.0000
                        604800          400            0            0            0  178023.5837   83775.8041 6027864.5756       0.0000            0            0            0            0       0.0000       0.0000       0.0000       0.0000
                        608400          400            0            0            0  178023.5837   83775.8041 6055094.1538       0.0000            0            0            0            0       0.0000       0.0000       0.0000       0.0000
                        612000          400            0            0            0  178023.5837   83775.8041 6055094.1538       0.0000            0            0            0            0       0.0000       0.0000       0.0000       0.0000
                        615600          400            0            0            0  178023.5837   83775.8041 6074564.1808       0.0000            0            0            0            0       0.0000       0.0000       0.0000       0.0000
                        619200          400            0            0            0  178023.5837   83775.8041 6074564.1808       0.0000            0            0            0            0       0.0000       0.0000       0.0000       0.0000
                        622800          400            0            0            0  178023.4424   83775.7376 6089773.5446       0.0000            0            0            0            0       0.0000       0.0000       0.0000       0.0000
                        626400          400            0            0            0  178023.5837   83775.8041 6089773.5446       0.0000            0            0            0            0       0.0000       0.0000       0.0000       0.0000
                        630000          400            0            0            0  178023.5837   83775.8041 6089773.5446       0.0000            0            0            0            0       0.0000       0.0000       0.0000       0.0000
                        633600          400            0            0            0  178023.5837   83775.8041 6104081.5959       0.0000            0            0            0            0       0.0000       0.0000       0.0000       0.0000
                        637200          400            0            0            0  178023.5837   83775.8041 6104081.5959       0.0000            0            0            0            0       0.0000       0.0000       0.0000       0.0000
                        640800          400            0            0            0  178023.5837   83775.8041 6122178.9856       0.0000            0            0            0            0       0.0000       0.0000       0.0000       0.0000
                        644400          400            0            0            0  178023.5837   83775.8041 6122178.9856       0.0000            0            0            0            0       0.0000       0.0000       0.0000       0.0000
                        648000          400            0            0            0  178023.5837   83775.8041 6122178.9856       0.0000            0            0            0            0       0.0000       0.0000       0.0000       0.0000
                        651600          400            0            0            0  178023.5837   83775.8041 6139696.1122       0.0000            0            0            0            0       0.0000       0.0000       0.0000       0.0000
                        655200          400            0            0            0  178023.5837   83775.8041 6139696.1122       0.0000            0            0            0            0       0.0000       0.0000       0.0000       0.0000
                        658800          400            0            0            0  178023.5837   83775.8041 6157742.7156       0.0000            0            0            0            0       0.0000       0.0000       0.0000       0.0000
                        662400          400            0            0            0  178023.5837   83775.8041 6157742.7156       0.0000            0            0            0            0       0.0000       0.0000       0.0000       0.0000
                        666000          400            0            0            0  178023.4700   83775.7506 6171729.7127       0.0000            0            0            0            0       0.0000       0.0000       0.0000       0.0000
                        669600          400            0            0            0  178023.5837   83775.8041 6171729.7127       0.0000            0            0            0            0       0.0000       0.0000       0.0000       0.0000
                        673200          400            0            0            0  178023.5837   83775.8041 6171729.7127       0.0000            0            0            0            0       0.0000       0.0000       0.0000       0.0000
                        676800          400            0            0            0  178023.5837   83775.8041 6189554.0596       0.0000            0            0            0            0       0.0000       0.0000       0.0000       0.0000
                        680400          400            0            0            0  178023.5837   83775.8041 6189554.0596       0.0000            0            0            0            0       0.0000       0.0000       0.0000       0.0000
                        684000          400            0            0            0  178023.5837   83775.8041 6204009.3579       0.0000            0            0            0            0       0.0000       0.0000       0.0000       0.0000
                        687600          400            0            0            0  178023.5837   83775.8041 6204009.3579       0.0000            0            0            0            0       0.0000       0.0000       0.0000       0.0000
                        691200          400            0            0            0  178023.5837   83775.8041 6204009.3579       0.0000            0            0            0            0       0.0000       0.0000       0.0000       0.0000
                        694800          400            0            0            0  178023.5837   83775.8041 6218536.1611       0.0000            0            0            0            0       0.0000       0.0000       0.0000       0.0000
                        698400          400            0            0            0  178023.5837   83775.8041 6218536.1611       0.0000            0            0            0            0       0.0000       0.0000       0.0000       0.0000
                        702000          400            0            0            0  178023.5837   83775.8041 6230954.5057       0.0000            0            0            0            0       0.0000       0.0000       0.0000       0.0000
                        705600          400            0            0            0  178023.5837   83775.8041 6230954.5057       0.0000            0            0            0            0       0.0000       0.0000       0.0000       0.0000
                        709200          400            0            0            0  178023.5459   83775.7863 6242716.8536       0.0000            0            0            0            0       0.0000       0.0000       0.0000       0.0000
                        712800          400            0            0            0  178023.5837   83775.8041 6242716.8536       0.0000            0            0            0            0       0.0000       0.0000       0.0000       0.0000
                        716400          400            0            0            0  178023.5837   83775.8041 6242716.8536       0.0000            0            0            0            0       0.0000       0.0000       0.0000       0.0000
                        720000          400            0            0            0  178023.5837   83775.8041 6253365.9346       0.0000            0            0            0            0       0.0000       0.0000       0.0000       0.0000
                        723600          400            0            0            0  178023.5837   83775.8041 6253365.9346       0.0000            0            0            0            0       0.0000       0.0000       0.0000       0.0000
                        727200          400            0            0            0  178023.5837   83775.8041 6263636.4852       0.0000            0            0            0            0       0.0000       0.0000       0.0000       0.0000
                        730800          400            0            0            0  178023.5837   83775.8041 6263636.4852       0.0000            0            0            0            0       0.0000       0.0000       0.0000       0.0000
                        734400          400            0            0            0  178023.5837   83775.8041 6263636.4852       0.0000            0            0            0            0       0.0000       0.0000       0.0000       0.0000
                        738000          400            0            0            0  178023.5837   83775.8041 6272764.2570       0.0000            0            0            0            0       0.0000       0.0000       0.0000       0.0000
                        741600          400            0            0            0  178023.5837   83775.8041 6272764.2570       0.0000            0            0            0            0       0.0000       0.0000       0.0000       0.0000
                        745200          400            0            0            0  178023.5837   83775.8041 6281545.0373       0.0000            0            0            0            0       0.0000       0.0000       0.0000       0.0000
                        748800          400            0            0            0  178023.5837   83775.8041 6281545.0373       0.0000            0            0            0            0       0.0000       0.0000       0.0000       0.0000
                        752400          400            0            0            0  178023.5660   83775.7957 6289396.7079       0.0000            0            0            0            0       0.0000       0.0000       0.0000       0.0000
                        756000          400            0            0            0  178023.5837   83775.8041 6289396.7079       0.0000            0            0            0            0       0.0000       0.0000       0.0000       0.0000
                        759600          400            0            0            0  178023.5837   83775.8041 6289396.7079       0.0000            0            0            0            0       0.0000       0.0000       0.0000       0.0000
                        763200          400            0            0            0  178023.5837   83775.8041 6297504.5789       0.0000            0            0            0            0       0.0000       0.0000       0.0000       0.0000
                        766800          400            0            0            0  178023.5837   83775.8041 6297504.5789       0.0000            0            0            0            0       0.0000       0.0000       0.0000       0.0000
                        770400          400            0            0            0  178023.5837   83775.8041 6304786.6141       0.0000            0            0            0            0       0.0000       0.0000       0.0000       0.0000
                        774000          400            0            0            0  178023.5837   83775.8041 6304786.6141       0.0000            0            0            0            0       0.0000       0.0000       0.0000       0.0000
                        777600          400            0            0            0  178023.5837   83775.8041 6304786.6141       0.0000            0            0            0            0       0.0000       0.0000       0.0000       0.0000
                        781200          400            0            0            0  178023.5837   83775.8041 6314163.0781       0.0000            0            0            0            0       0.0000       0.0000       0.0000       0.0000
                        784800          400            0            0            0  178023.5837   83775.8041 6314163.0781       0.0000            0            0            0            0       0.0000       0.0000       0.0000       0.0000
                        788400          400            0            0            0  178023.5837   83775.8041 6321545.3812       0.0000            0            0            0            0       0.0000       0.0000       0.0000       0.0000
                        792000          400            0            0            0  178023.5837   83775.8041 6321545.3812       0.0000            0            0            0            0       0.0000       0.0000       0.0000       0.0000
                        795600          400            0            0            0  178023.5556   83775.7909 6331385.1578       0.0000            0            0            0            0       0.0000       0.0000       0.0000       0.0000
                        799200          400            0            0            0  178023.5837   83775.8041 6331385.1578       0.0000            0            0            0            0       0.0000       0.0000       0.0000       0.0000
                        802800          400            0            0            0  178023.5837   83775.8041 6331385.1578       0.0000            0            0            0            0       0.0000       0.0000       0.0000       0.0000
                        806400          400            0            0            0  178023.5837   83775.8041 6339268.2431       0.0000            0            0            0            0       0.0000       0.0000       0.0000       0.0000
                        810000          400            0            0            0  178023.5837   83775.8041 6339268.2431       0.0000            0            0            0            0       0.0000       0.0000       0.0000       0.0000
                        813600          400            0            0            0  178023.5837   83775.8041 6348552.0784       0.0000            0            0            0            0       0.0000       0.0000       0.0000       0.0000
                        817200          400            0            0            0  178023.5837   83775.8041 6348552.0784       0.0000            0            0            0            0       0.0000       0.0000       0.0000       0.0000
                        820800          400            0            0            0  178023.5837   83775.8041 6348552.0784       0.0000            0            0            0            0       0.0000       0.0000       0.0000       0.0000
                        824400          400            0            0            0  178023.5837   83775.8041 6357078.7965       0.0000            0            0            0            0       0.0000       0.0000       0.0000       0.0000
                        828000          400            0            0            0  178023.5837   83775.8041 6357078.7965       0.0000            0            0            0            0       0.0000       0.0000       0.0000       0.0000
                        831600          400            0            0            0  178023.5837   83775.8041 6367802.2330       0.0000            0            0            0            0       0.0000       0.0000       0.0000       0.0000
                        835200          400            0            0            0  178023.5837   83775.8041 6367802.2330       0.0000            0            0            0            0       0.0000       0.0000       0.0000       0.0000
                        838800          400            0            0            0  178023.5683   83775.7968 6373601.6236       0.0000            0            0            0            0       0.0000       0.0000       0.0000       0.0000
                        842400          400            0            0            0  178023.5837   83775.8041 6373601.6236       0.0000            0            0            0            0       0.0000       0.0000       0.0000       0.0000
                        846000          400            0            0            0  178023.5837   83775.8041 6373601.6236       0.0000            0            0            0            0       0.0000       0.0000       0.0000       0.0000
                        849600          400            0            0            0  178023.5837   83775.8041 6384059.1367       0.0000            0            0            0            0       0.0000       0.0000       0.0000       0.0000
                        853200          400            0            0            0  178023.5837   83775.8041 6384059.1367       0.0000            0            0            0            0       0.0000       0.0000       0.0000       0.0000
                        856800          400            0            0            0  178023.5837   83775.8041 6392923.9207       0.0000            0            0            0            0       0.0000       0.0000       0.0000       0.0000
                        860400          400            0            0            0  178023.5837   83775.8041 6392923.9207       0.0000            0            0            0            0       0.0000       0.0000       0.0000       0.0000
                        864000          400            0            0            0  178023.5837   83775.8041 6392923.9207       0.0000            0            0            0            0       0.0000       0.0000       0.0000       0.0000
                        867600          400            0            0            0  178023.5837   83775.8041 6397232.6359       0.0000            0            0            0            0       0.0000       0.0000       0.0000       0.0000
                        871200          400            0            0            0  178023.5837   83775.8041 6397232.6359       0.0000            0            0            0            0       0.0000       0.0000       0.0000       0.0000
                        874800          400            0            0            0  178023.5837   83775.8041 6403938.2788       0.0000            0            0            0            0       0.0000       0.0000       0.0000       0.0000
                        878400          400            0            0            0  178023.5837   83775.8041 6403938.2788       0.0000            0            0            0            0       0.0000       0.0000       0.0000       0.0000
                        882000          400            0            0            0  178023.5736   83775.7993 6412540.2398       0.0000            0            0            0            0       0.0000       0.0000       0.0000       0.0000
                        885600          400            0            0            0  178023.5837   83775.8041 6412540.2398       0.0000            0            0            0            0       0.0000       0.0000       0.0000       0.0000
                        889200          400            0            0            0  178023.5837   83775.8041 6412540.2398       0.0000            0            0            0            0       0.0000       0.0000       0.0000       0.0000
                        892800          400            0            0            0  178023.5837   83775.8041 6419421.0282       0.0000            0            0            0            0       0.0000       0.0000       0.0000       0.0000
                        896400          400            0            0            0  178023.5837   83775.8041 6419421.0282       0.0000            0            0            0            0       0.0000       0.0000       0.0000       0.0000
                        900000          400            0            0            0  178023.5837   83775.8041 6425204.3702       0.0000            0            0            0            0       0.0000       0.0000       0.0000       0.0000
                        903600          400            0            0            0  178023.5837   83775.8041 6425204.3702       0.0000            0            0            0            0       0.0000       0.0000       0.0000       0.0000
                        907200          400            0            0            0  178023.5837   83775.8041 6425204.3702       0.0000            0            0            0            0       0.0000       0.0000       0.0000       0.0000
                        910800          400            0            0            0  178023.5837   83775.8041 6432250.5370       0.0000            0            0            0            0       0.0000       0.0000       0.0000       0.0000
                        914400          400            0            0            0  178023.5837   83775.8041 6432250.5370       0.0000            0            0            0            0       0.0000       0.0000       0.0000       0.0000
                        918000          400            0            0            0  178023.5837   83775.8041 6437883.9778       0.0000            0            0            0            0       0.0000       0.0000       0.0000       0.0000
                        921600          400            0            0            0  178023.5837   83775.8041 6437883.9778       0.0000            0            0            0            0       0.0000       0.0000       0.0000       0.0000
                        925200          400            0            0            0  178023.5744   83775.7997 6444382.5143       0.0000            0            0            0            0       0.0000       0.0000       0.0000       0.0000
                        928800          400            0            0            0  178023.5837   83775.8041 6444382.5143       0.0000            0            0            0            0       0.0000       0.0000       0.0000       0.0000
                        932400          400            0            0            0  178023.5837   83775.8041 6444382.5143       0.0000            0            0            0            0       0.0000       0.0000       0.0000       0.0000
                        936000          400            0            0            0  178023.5837   83775.8041 6450365.1463       0.0000            0            0            0            0       0.0000       0.0000       0.0000       0.0000
                        939600          400            0            0            0  178023.5837   83775.8041 6450365.1463       0.0000            0            0            0            0       0.0000       0.0000       0.0000       0.0000
                        943200          400            0            0            0  178023.5837   83775.8041 6458071.8550       0.0000            0            0            0            0       0.0000       0.0000       0.0000       0.0000
                        946800          400            0            0            0  178023.5837   83775.8041 6458071.8550       0.0000            0            0            0            0       0.0000       0.0000       0.0000       0.0000
                        950400          400            0            0            0  178023.5837   83775.8041 6458071.8550       0.0000            0            0            0            0       0.0000       0.0000       0.0000       0.0000
                        954000          400            0            0            0  178023.5837   83775.8041 6469289.8364       0.0000            0            0            0            0       0.0000       0.0000       0.0000       0.0000
                        957600          400            0            0            0  178023.5837   83775.8041 6469289.8364       0.0000            0            0            0            0       0.0000       0.0000       0.0000       0.0000
                        961200          400            0            0            0  178023.5837   83775.8041 6475693.7279       0.0000            0            0            0            0       0.0000       0.0000       0.0000       0.0000
                        964800          400            0            0            0  178023.5837   83775.8041 6475693.7279       0.0000            0            0            0            0       0.0000       0.0000       0.0000       0.0000
                        968400          400            0            0            0  178023.5765   83775.8007 6484439.1869       0.0000            0            0            0            0       0.0000       0.0000       0.0000       0.0000
                        972000          400            0            0            0  178023.5837   83775.8041 6484439.1869       0.0000            0            0            0            0       0.0000       0.0000       0.0000       0.0000
                        975600          400            0            0            0  178023.5837   83775.8041 6484439.1869       0.0000            0            0            0            0       0.0000       0.0000       0.0000       0.0000
                        979200          400            0            0            0  178023.5837   83775.8041 6491168.5398       0.0000            0            0            0            0       0.0000       0.0000       0.0000       0.0000
                        982800          400            0            0            0  178023.5837   83775.8041 6491168.5398       0.0000            0            0            0            0       0.0000       0.0000       0.0000       0.0000
                        986400          400            0            0            0  178023.5837   83775.8041 6500671.3190       0.0000            0            0            0            0       0.0000       0.0000       0.0000       0.0000
                        990000          400            0            0            0  178023.5837   83775.8041 6500671.3190       0.0000            0            0            0            0       0.0000       0.0000       0.0000       0.0000
                        993600          400            0            0            0  178023.5837   83775.8041 6500671.3190       0.0000            0            0            0            0       0.0000       0.0000       0.0000       0.0000
                        997200          400            0            0            0  178023.5837   83775.8041 6510517.8324       0.0000            0            0            0            0       0.0000       0.0000       0.0000       0.0000
                       1000800          400            0            0            0  178023.5837   83775.8041 6510517.8324       0.0000            0            0            0            0       0.0000       0.0000       0.0000       0.0000
                       1004400          400            0            0            0  178023.5837   83775.8041 6517818.3979       0.0000            0            0            0            0       0.0000       0.0000       0.0000       0.0000
                       1008000          400            0            0            0  178023.5837   83775.8041 6517818.3979       0.0000            0            0            0            0       0.0000       0.0000       0.0000       0.0000
                       1011600          400            0            0            0  178023.5787   83775.8017 6525145.1308       0.0000            0            0            0            0       0.0000       0.0000       0.0000       0.0000
                       1015200          400            0            0            0  178023.5837   83775.8041 6525145.1308       0.0000            0            0            0            0       0.0000       0.0000       0.0000       0.0000
                       1018800          400            0            0            0  178023.5837   83775.8041 6525145.1308       0.0000            0            0            0            0       0.0000       0.0000       0.0000       0.0000
                       1022400          400            0            0            0  178023.5837   83775.8041 6535458.2794       0.0000            0            0            0            0       0.0000       0.0000       0.0000       0.0000
                       1026000          400            0            0            0  178023.5837   83775.8041 6535458.2794       0.0000            0            0            0            0       0.0000       0.0000       0.0000       0.0000
                       1029600          400            0            0            0  178023.5837   83775.8041 6544550.1016       0.0000            0            0            0            0       0.0000       0.0000       0.0000       0.0000
                       1033200          400            0            0            0  178023.5837   83775.8041 6544550.1016       0.0000            0            0            0            0       0.0000       0.0000       0.0000       0.0000
                       1036800          400            0            0            0  178023.5837   83775.8041 6544550.1016       0.0000            0            0            0            0       0.0000       0.0000       0.0000       0.0000
                       1040400          400            0            0            0  178023.5837   83775.8041 6549764.4392       0.0000            0            0            0            0       0.0000       0.0000       0.0000       0.0000
                       1044000          400            0            0            0  178023.5837   83775.8041 6549764.4392       0.0000            0            0            0            0       0.0000       0.0000       0.0000       0.0000
                       1047600          400            0            0            0  178023.5837   83775.8041 6558497.5106       0.0000            0            0            0            0       0.0000       0.0000       0.0000       0.0000
                       1051200          400            0            0            0  178023.5837   83775.8041 6558497.5106       0.0000            0            0            0            0       0.0000       0.0000       0.0000       0.0000
                       1054800          400            0            0            0  178023.5794   83775.8021 6569715.6545       0.0000            0            0            0            0       0.0000       0.0000       0.0000       0.0000
                       1058400          400            0            0            0  178023.5837   83775.8041 6569715.6545       0.0000            0            0            0            0       0.0000       0.0000       0.0000       0.0000
                       1062000          400            0            0            0  178023.5837   83775.8041 6569715.6545       0.0000            0            0            0            0       0.0000       0.0000       0.0000       0.0000
                       1065600          400            0            0            0  178023.5837   83775.8041 6577622.6853       0.0000            0            0            0            0       0.0000       0.0000       0.0000       0.0000
                       1069200          400            0            0            0  178023.5837   83775.8041 6577622.6853       0.0000            0            0            0            0       0.0000       0.0000       0.0000       0.0000
                       1072800          400            0            0            0  178023.5837   83775.8041 6586829.8291       0.0000            0            0            0            0       0.0000       0.0000       0.0000       0.0000
                       1076400          400            0            0            0  178023.5837   83775.8041 6586829.8291       0.0000            0            0            0            0       0.0000       0.0000       0.0000       0.0000
                       1080000          400            0            0            0  178023.5837   83775.8041 6586829.8291       0.0000            0            0            0            0       0.0000       0.0000       0.0000       0.0000
                       1083600          400            0            0            0  178023.5837   83775.8041 6596721.1399       0.0000            0            0            0            0       0.0000       0.0000       0.0000       0.0000
                       1087200          400            0            0            0  178023.5837   83775.8041 6596721.1399       0.0000            0            0            0            0       0.0000       0.0000       0.0000       0.0000
                       1090800          400            0            0            0  178023.5837   83775.8041 6605382.0209       0.0000            0            0            0            0       0.0000       0.0000       0.0000       0.0000
                       1094400          400            0            0            0  178023.5837   83775.8041 6605382.0209       0.0000            0            0            0            0       0.0000       0.0000       0.0000       0.0000
                       1098000          400            0            0            0  178023.5825   83775.8035 6612711.6086       0.0000            0            0            0            0       0.0000       0.0000       0.0000       0.0000
                       1101600          400            0            0            0  178023.5837   83775.8041 6612711.6086       0.0000            0            0            0            0       0.0000       0.0000       0.0000       0.0000
                       1105200          400            0            0            0  178023.5837   83775.8041 6612711.6086       0.0000            0            0            0            0       0.0000       0.0000       0.0000       0.0000
                       1108800          400            0            0            0  178023.5837   83775.8041 6622200.4782       0.0000            0            0            0            0       0.0000       0.0000       0.0000       0.0000
                       1112400          400            0            0            0  178023.5837   83775.8041 6622200.4782       0.0000            0            0            0            0       0.0000       0.0000       0.0000       0.0000
                       1116000          400            0            0            0  178023.5837   83775.8041 6630163.9968       0.0000            0            0            0            0       0.0000       0.0000       0.0000       0.0000
                       1119600          400            0            0            0  178023.5837   83775.8041 6630163.9968       0.0000            0            0            0            0       0.0000       0.0000       0.0000       0.0000
                       1123200          400            0            0            0  178023.5837   83775.8041 6630163.9968       0.0000            0            0            0            0       0.0000       0.0000       0.0000       0.0000
                       1126800          400            0            0            0  178023.5837   83775.8041 6637562.5737       0.0000            0            0            0            0       0.0000       0.0000       0.0000       0.0000
                       1130400          400            0            0            0  178023.5837   83775.8041 6637562.5737       0.0000            0            0            0            0       0.0000       0.0000       0.0000       0.0000
                       1134000          400            0            0            0  178023.5837   83775.8041 6645290.2340       0.0000            0            0            0            0       0.0000       0.0000       0.0000       0.0000
                       1137600          400            0            0            0  178023.5837   83775.8041 6645290.2340       0.0000            0            0            0            0       0.0000       0.0000       0.0000       0.0000
                       1141200          400            0            0            0  178023.5822   83775.8034 6655088.3258       0.0000            0            0            0            0       0.0000       0.0000       0.0000       0.0000
                       1144800          400            0            0            0  178023.5837   83775.8041 6655088.3258       0.0000            0            0            0            0       0.0000       0.0000       0.0000       0.0000
                       1148400          400            0            0            0  178023.5837   83775.8041 6655088.3258       0.0000            0            0            0            0       0.0000       0.0000       0.0000       0.0000
                       1152000          400            0            0            0  178023.5837   83775.8041 6663993.8189       0.0000            0            0            0            0       0.0000       0.0000       0.0000       0.0000
                       1155600          400            0            0            0  178023.5837   83775.8041 6663993.8189       0.0000            0            0            0            0       0.0000       0.0000       0.0000       0.0000
                       1159200          400            0            0            0  178023.5837   83775.8041 6670491.1369       0.0000            0            0            0            0       0.0000       0.0000       0.0000       0.0000
                       1162800          400            0            0            0  178023.5837   83775.8041 6670491.1369       0.0000            0            0            0            0       0.0000       0.0000       0.0000       0.0000
                       1166400          400            0            0            0  178023.5837   83775.8041 6670491.1369       0.0000            0            0            0            0       0.0000       0.0000       0.0000       0.0000
                       1170000          400            0            0            0  178023.5837   83775.8041 6678648.5878       0.0000            0            0            0            0       0.0000       0.0000       0.0000       0.0000
                       1173600          400            0            0            0  178023.5837   83775.8041 6678648.5878       0.0000            0            0            0            0       0.0000       0.0000       0.0000       0.0000
                       1177200          400            0            0            0  178023.5837   83775.8041 6686750.1832       0.0000            0            0            0            0       0.0000       0.0000       0.0000       0.0000
                       1180800          400            0            0            0  178023.5837   83775.8041 6686750.1832       0.0000            0            0            0            0       0.0000       0.0000       0.0000       0.0000
                       1184400          400            0            0            0  178023.5828   83775.8036 6698669.8617       0.0000            0            0            0            0       0.0000       0.0000       0.0000       0.0000
                       1188000          400            0            0            0  178023.5837   83775.8041 6698669.8617       0.0000            0            0            0            0       0.0000       0.0000       0.0000       0.0000
                       1191600          400            0            0            0  178023.5837   83775.8041 6698669.8617       0.0000            0            0            0            0       0.0000       0.0000       0.0000       0.0000
                       1195200          400            0            0            0  178023.5837   83775.8041 6708681.4314       0.0000            0            0            0            0       0.0000       0.0000       0.0000       0.0000
                       1198800          400            0            0            0  178023.5837   83775.8041 6708681.4314       0.0000            0            0            0            0       0.0000       0.0000       0.0000       0.0000
                       1202400          400            0            0            0  178023.5837   83775.8041 6718924.8386       0.0000            0            0            0            0       0.0000       0.0000       0.0000       0.0000
                       1206000          400            0            0            0  178023.5837   83775.8041 6718924.8386       0.0000            0            0            0            0       0.0000       0.0000       0.0000       0.0000
                       1209600          400            0            0            0  178023.5837   83775.8041 6718924.8386       0.0000            0            0            0            0       0.0000       0.0000       0.0000       0.0000
                       1213200          400            0            0            0  178023.5837   83775.8041 6727070.2845       0.0000            0            0            0            0       0.0000       0.0000       0.0000       0.0000
                       1216800          400            0            0            0  178023.5837   83775.8041 6727070.2845       0.0000            0            0            0            0       0.0000       0.0000       0.0000       0.0000
