BioMASSver                             0.22
date                             2017/11/15
hour                               15:53:46
biomass.model.taxonomy.Planktivore1
Girella-Nigricans             
Chopa-verde                   
longevity                              3904
linf                                68.3000
t0                                  -0.4200
k                                    0.2700
a                                    0.0199
b                                    3.0063
newborn_orgs                            800
pop_deathrate                        0.0007
rep_cycle                               365
age_classes                              11
                         steps       orgs00        hid00     killed00    starved00   leanmass00    fatmass00   killmass00  starvemas00       orgs01        hid01     killed01    starved01   leanmass01    fatmass01   killmass01  starvemas01       orgs02        hid02     killed02    starved02   leanmass02    fatmass02   killmass02  starvemas02       orgs03        hid03     killed03    starved03   leanmass03    fatmass03   killmass03  starvemas03       orgs04        hid04     killed04    starved04   leanmass04    fatmass04   killmass04  starvemas04       orgs05        hid05     killed05    starved05   leanmass05    fatmass05   killmass05  starvemas05       orgs06        hid06     killed06    starved06   leanmass06    fatmass06   killmass06  starvemas06       orgs07        hid07     killed07    starved07   leanmass07    fatmass07   killmass07  starvemas07       orgs08        hid08     killed08    starved08   leanmass08    fatmass08   killmass08  starvemas08       orgs09        hid09     killed09    starved09   leanmass09    fatmass09   killmass09  starvemas09       orgs10        hid10     killed10    starved10   leanmass10    fatmass10   killmass10  starvemas10
                             0            0            0            0            0       0.0000       0.0000       0.0000       0.0000            0            0            0            0       0.0000       0.0000       0.0000       0.0000          800            0            0            0  839065.6580  170705.9868       0.0000       0.0000          623            0            0            0 1129481.4961  229415.9257       0.0000       0.0000          485            0            0            0 1251363.6675  252098.8327       0.0000       0.0000          377            0            0            0 1242278.9432  255113.8213       0.0000       0.0000          294            0            0            0 1154974.3334  250499.9911       0.0000       0.0000          229            0            0            0 1018413.4447  199237.7419       0.0000       0.0000          178            0            0            0  872080.7236  166892.1387       0.0000       0.0000          139            0            0            0  730999.7154  142204.9995       0.0000       0.0000            0            0            0            0       0.0000       0.0000       0.0000       0.0000
                          3600            0            0            0            0       0.0000       0.0000       0.0000       0.0000            0            0            0            0       0.0000       0.0000       0.0000       0.0000          632           42          168            0  667726.6654  136988.9798  205074.2241       0.0000          550           20           73            0 1003956.3399  208276.1321  146784.0952       0.0000          452           24           33            0 1168448.6594  239044.7921   96053.6954       0.0000          368           16            9            0 1212685.8622  248949.3036   35879.0100       0.0000          287            9            7            0 1127212.1294  244540.3803   33967.9825       0.0000          224            3            5            0  996330.9444  194900.5318   26562.5530       0.0000          176            5            2            0  862349.5914  165374.3222   11603.0487       0.0000          137            3            2            0  720380.9833  140409.7681   12541.1057       0.0000            0            0            0            0       0.0000       0.0000       0.0000       0.0000
                          7200            0            0            0            0       0.0000       0.0000       0.0000       0.0000            0            0            0            0       0.0000       0.0000       0.0000       0.0000          632           42          168            0  667729.0908  137030.7082  205074.2241       0.0000          550           20           73            0 1003958.8167  208378.1082  146784.0952       0.0000          452           24           33            0 1168451.2754  239211.9163   96053.6954       0.0000          368           16            9            0 1212687.8342  249089.2062   35879.0100       0.0000          287            9            7            0 1127213.2496  244662.9163   33967.9825       0.0000          224            3            5            0  996331.7579  195149.9060   26562.5530       0.0000          176            5            2            0  862350.1875  165704.6270   11603.0487       0.0000          137            3            2            0  720381.1257  140579.1105   12541.1057       0.0000            0            0            0            0       0.0000       0.0000       0.0000       0.0000
                         10800            0            0            0            0       0.0000       0.0000       0.0000       0.0000            0            0            0            0       0.0000       0.0000       0.0000       0.0000          611           95          189            0  645789.3733  131916.7244  232306.9396       0.0000          545           81           78            0  995176.8106  207473.9817  156661.9591       0.0000          449           73           36            0 1161027.6176  237788.5876  105419.0838       0.0000          367           43           10            0 1209156.4468  248875.5669   40026.3997       0.0000          286           23            8            0 1123320.3719  244133.8908   38679.9612       0.0000          224           14            5            0  996332.8118  195761.5422   26562.5530       0.0000          176           12            2            0  862351.1245  166104.5996   11603.0487       0.0000          137           19            2            0  720381.7523  141289.5595   12541.1057       0.0000            0            0            0            0       0.0000       0.0000       0.0000       0.0000
                         14400            0            0            0            0       0.0000       0.0000       0.0000       0.0000            0            0            0            0       0.0000       0.0000       0.0000       0.0000          611           95          189            0  645795.4512  132091.3196  232306.9396       0.0000          545           81           78            0  995184.1767  207987.9198  156661.9591       0.0000          449           73           36            0 1161033.6303  238720.4988  105419.0838       0.0000          367           43           10            0 1209160.1862  249404.3156   40026.3997       0.0000          286           23            8            0 1123322.9649  244460.9097   38679.9612       0.0000          224           14            5            0  996334.1976  195983.0591   26562.5530       0.0000          176           12            2            0  862352.2804  166591.7459   11603.0487       0.0000          137           19            2            0  720382.2706  141799.0081   12541.1057       0.0000            0            0            0            0       0.0000       0.0000       0.0000       0.0000
                         18000            0            0            0            0       0.0000       0.0000       0.0000       0.0000            0            0            0            0       0.0000       0.0000       0.0000       0.0000          594          213          206            0  629580.9051  129398.4393  251461.1691       0.0000          540          206           83            0  986672.8604  206517.9511  167081.8709       0.0000          447          167           38            0 1155572.7122  238657.1233  111737.2635       0.0000          365          127           12            0 1202400.7257  249240.2374   48042.5888       0.0000          285          133            9            0 1119307.3816  244537.4271   43658.6532       0.0000          224           79            5            0  996336.7577  197012.2127   26562.5530       0.0000          176           67            2            0  862353.7260  167724.6827   11603.0487       0.0000          137           69            2            0  720383.5631  143111.0013   12541.1057       0.0000            0            0            0            0       0.0000       0.0000       0.0000       0.0000
                         21600            0            0            0            0       0.0000       0.0000       0.0000       0.0000            0            0            0            0       0.0000       0.0000       0.0000       0.0000          594          213          206            0  629588.1907  129698.7612  251461.1691       0.0000          540          206           83            0  986681.9184  207621.7388  167081.8709       0.0000          447          167           38            0 1155583.6261  240416.0071  111737.2635       0.0000          365          127           12            0 1202405.8957  250447.0942   48042.5888       0.0000          285          133            9            0 1119311.7900  246358.4837   43658.6532       0.0000          224           79            5            0  996339.5773  198426.6049   26562.5530       0.0000          176           67            2            0  862355.9649  169585.6641   11603.0487       0.0000          137           69            2            0  720384.9282  144605.4430   12541.1057       0.0000            0            0            0            0       0.0000       0.0000       0.0000       0.0000
                         25200            0            0            0            0       0.0000       0.0000       0.0000       0.0000            0            0            0            0       0.0000       0.0000       0.0000       0.0000          594          213          206            0  629599.5885  130203.0233  251461.1691       0.0000          540          206           83            0  986694.0478  208511.3263  167081.8709       0.0000          447          167           38            0 1155595.5408  242048.9052  111737.2635       0.0000          365          127           12            0 1202414.9955  252239.8982   48042.5888       0.0000          285          133            9            0 1119317.4228  247946.2680   43658.6532       0.0000          224           79            5            0  996342.5062  199371.0004   26562.5530       0.0000          176           67            2            0  862358.2177  170827.7559   11603.0487       0.0000          137           69            2            0  720385.9088  145264.6064   12541.1057       0.0000            0            0            0            0       0.0000       0.0000       0.0000       0.0000
                         28800            0            0            0            0       0.0000       0.0000       0.0000       0.0000            0            0            0            0       0.0000       0.0000       0.0000       0.0000          584          362          216            0  620430.3550  129529.4099  262345.5776       0.0000          537          352           86            0  981201.5267  208716.3258  173185.8956       0.0000          446          323           39            0 1152807.0564  243240.3707  114655.3699       0.0000          365          256           12            0 1202425.3562  254707.6703   48042.5888       0.0000          285          238            9            0 1119323.9438  250066.6493   43658.6532       0.0000          224          164            5            0  996346.9874  201251.6830   26562.5530       0.0000          176          130            2            0  862360.5319  172268.7749   11603.0487       0.0000          137          123            2            0  720388.1195  147039.8671   12541.1057       0.0000            0            0            0            0       0.0000       0.0000       0.0000       0.0000
                         32400            0            0            0            0       0.0000       0.0000       0.0000       0.0000            0            0            0            0       0.0000       0.0000       0.0000       0.0000          584          362          216            0  620447.5795  130502.9606  262345.5776       0.0000          537          352           86            0  981217.9996  209901.2388  173185.8956       0.0000          446          323           39            0 1152822.4731  245315.2338  114655.3699       0.0000          365          256           12            0 1202439.5805  257039.1363   48042.5888       0.0000          285          238            9            0 1119326.7835  250889.0141   43658.6532       0.0000          224          164            5            0  996349.8235  202305.9562   26562.5530       0.0000          176          130            2            0  862364.4030  174000.3741   11603.0487       0.0000          137          123            2            0  720388.6941  147548.6528   12541.1057       0.0000            0            0            0            0       0.0000       0.0000       0.0000       0.0000
                         36000            0            0            0            0       0.0000       0.0000       0.0000       0.0000            0            0            0            0       0.0000       0.0000       0.0000       0.0000          567          514          233            0  603228.8343  127548.8776  283115.3963       0.0000          530          476           93            0  969309.3806  209161.7615  187143.6305       0.0000          443          433           42            0 1144878.2659  245144.6325  123803.2224       0.0000          360          333           17            0 1186575.1400  255626.8059   66997.4954       0.0000          283          297           11            0 1111407.8864  250898.6784   53790.2512       0.0000          224          206            5            0  996356.0240  203894.6368   26562.5530       0.0000          176          168            2            0  862368.0973  175782.4631   11603.0487       0.0000          137          147            2            0  720390.8421  148872.9406   12541.1057       0.0000            0            0            0            0       0.0000       0.0000       0.0000       0.0000
                         39600            0            0            0            0       0.0000       0.0000       0.0000       0.0000            0            0            0            0       0.0000       0.0000       0.0000       0.0000          567          514          233            0  603257.6714  128840.8061  283115.3963       0.0000          530          476           93            0  969336.4198  211490.7716  187143.6305       0.0000          443          433           42            0 1144890.7654  246665.8286  123803.2224       0.0000          360          333           17            0 1186583.1411  257095.5485   66997.4954       0.0000          283          297           11            0 1111415.4322  252875.1358   53790.2512       0.0000          224          206            5            0  996360.6444  205600.3458   26562.5530       0.0000          176          168            2            0  862371.3923  177332.0523   11603.0487       0.0000          137          147            2            0  720393.8270  150855.3782   12541.1057       0.0000            0            0            0            0       0.0000       0.0000       0.0000       0.0000
                         43200            0            0            0            0       0.0000       0.0000       0.0000       0.0000            0            0            0            0       0.0000       0.0000       0.0000       0.0000          567          514          233            0  603275.1141  129585.0263  283115.3963       0.0000          530          476           93            0  969359.0097  213147.4908  187143.6305       0.0000          443          433           42            0 1144905.2797  248362.5668  123803.2224       0.0000          360          333           17            0 1186599.4407  259760.9947   66997.4954       0.0000          283          297           11            0 1111422.1445  254536.1865   53790.2512       0.0000          224          206            5            0  996366.8853  207767.1441   26562.5530       0.0000          176          168            2            0  862374.4888  178712.9873   11603.0487       0.0000          137          147            2            0  720397.9853  153288.6833   12541.1057       0.0000            0            0            0            0       0.0000       0.0000       0.0000       0.0000
                         46800            0            0            0            0       0.0000       0.0000       0.0000       0.0000            0            0            0            0       0.0000       0.0000       0.0000       0.0000          552          639          248            0  587517.2651  127302.6223  302237.3367       0.0000          522          582          101            0  954717.3166  211089.8789  205121.0080       0.0000          443          517           42            0 1144933.1549  251384.9200  123803.2224       0.0000          360          399           17            0 1186610.0912  261412.1309   66997.4954       0.0000          283          346           11            0 1111437.1250  257508.6826   53790.2512       0.0000          224          250            5            0  996377.4491  210731.5410   26562.5530       0.0000          176          206            2            0  862378.5016  180357.7954   11603.0487       0.0000          137          164            2            0  720400.2009  154251.8635   12541.1057       0.0000            0            0            0            0       0.0000       0.0000       0.0000       0.0000
                         50400            0            0            0            0       0.0000       0.0000       0.0000       0.0000            0            0            0            0       0.0000       0.0000       0.0000       0.0000          552          639          248            0  587542.0005  128269.0636  302237.3367       0.0000          522          582          101            0  954749.6567  213196.2895  205121.0080       0.0000          443          517           42            0 1144949.3336  252928.3501  123803.2224       0.0000          360          399           17            0 1186631.9959  264377.5861   66997.4954       0.0000          283          346           11            0 1111442.2348  258641.3475   53790.2512       0.0000          224          250            5            0  996385.0188  212558.7417   26562.5530       0.0000          176          206            2            0  862381.4746  181550.6547   11603.0487       0.0000          137          164            2            0  720402.1369  155212.8490   12541.1057       0.0000            0            0            0            0       0.0000       0.0000       0.0000       0.0000
                         54000            0            0            0            0       0.0000       0.0000       0.0000       0.0000            0            0            0            0       0.0000       0.0000       0.0000       0.0000          537          733          263            0  571487.6178  126114.6688  321531.5699       0.0000          512          688          111            0  935524.4256  210695.1229  228832.7615       0.0000          440          580           45            0 1137482.9668  254452.1435  132075.4062       0.0000          356          451           21            0 1173509.1529  264016.9679   82469.4083       0.0000          283          382           11            0 1111453.8761  260566.4600   53790.2512       0.0000          221          275            8            0  982927.8065  212646.3016   41229.4674       0.0000          176          229            2            0  862386.1028  183166.5258   11603.0487       0.0000          136          189            3            0  715214.2693  155991.9724   18529.5768       0.0000            0            0            0            0       0.0000       0.0000       0.0000       0.0000
                         57600            0            0            0            0       0.0000       0.0000       0.0000       0.0000            0            0            0            0       0.0000       0.0000       0.0000       0.0000          537          733          263            0  571519.0527  127386.5181  321531.5699       0.0000          512          688          111            0  935558.7436  212905.2248  228832.7615       0.0000          440          580           45            0 1137505.5970  256549.7475  132075.4062       0.0000          356          451           21            0 1173529.7495  266474.5909   82469.4083       0.0000          283          382           11            0 1111464.4378  262383.5609   53790.2512       0.0000          221          275            8            0  982934.6535  214354.8528   41229.4674       0.0000          176          229            2            0  862393.1723  185407.5858   11603.0487       0.0000          136          189            3            0  715217.0769  157195.3459   18529.5768       0.0000            0            0            0            0       0.0000       0.0000       0.0000       0.0000
                         61200            0            0            0            0       0.0000       0.0000       0.0000       0.0000            0            0            0            0       0.0000       0.0000       0.0000       0.0000          529          826          271            0  562453.6456  126086.8157  333327.9456       0.0000          504          779          119            0  921564.8011  211312.0167  245999.2083       0.0000          435          650           50            0 1124664.4736  256262.6571  147473.5783       0.0000          354          499           23            0 1167418.3991  269075.0537   89004.8722       0.0000          282          421           12            0 1107460.4785  263934.8285   58289.6794       0.0000          221          300            8            0  982949.3216  217692.4288   41229.4674       0.0000          176          249            2            0  862395.4300  186138.4652   11603.0487       0.0000          136          198            3            0  715218.8325  157939.6086   18529.5768       0.0000            0            0            0            0       0.0000       0.0000       0.0000       0.0000
                         64800            0            0            0            0       0.0000       0.0000       0.0000       0.0000            0            0            0            0       0.0000       0.0000       0.0000       0.0000          529          826          271            0  562485.0826  127138.0445  333327.9456       0.0000          504          779          119            0  921595.7948  212962.8583  245999.2083       0.0000          435          650           50            0 1124691.5527  258481.4974  147473.5783       0.0000          354          499           23            0 1167433.1798  270821.0094   89004.8722       0.0000          282          421           12            0 1107470.7186  265329.0063   58289.6794       0.0000          221          300            8            0  982959.8961  219854.5831   41229.4674       0.0000          176          249            2            0  862400.0495  187528.8824   11603.0487       0.0000          136          198            3            0  715222.5360  159449.5802   18529.5768       0.0000            0            0            0            0       0.0000       0.0000       0.0000       0.0000
                         68400            0            0            0            0       0.0000       0.0000       0.0000       0.0000            0            0            0            0       0.0000       0.0000       0.0000       0.0000          529          826          271            0  562518.2819  128247.3473  333327.9456       0.0000          504          779          119            0  921630.5548  214651.1897  245999.2083       0.0000          435          650           50            0 1124726.4210  261197.7384  147473.5783       0.0000          354          499           23            0 1167448.5510  272402.8745   89004.8722       0.0000          282          421           12            0 1107481.7600  266969.2030   58289.6794       0.0000          221          300            8            0  982968.0679  221573.5971   41229.4674       0.0000          176          249            2            0  862404.8912  188909.1172   11603.0487       0.0000          136          198            3            0  715226.6824  160926.6883   18529.5768       0.0000            0            0            0            0       0.0000       0.0000       0.0000       0.0000
                         72000            0            0            0            0       0.0000       0.0000       0.0000       0.0000            0            0            0            0       0.0000       0.0000       0.0000       0.0000          516          909          284            0  548763.6548  126503.6352  349623.4411       0.0000          496          848          127            0  906136.6686  213044.8842  264673.4008       0.0000          434          699           51            0 1122428.1240  262722.3990  150227.4411       0.0000          353          561           24            0 1164264.0206  274051.0304   92974.2436       0.0000          281          451           13            0 1103782.7245  268441.9356   62390.2915       0.0000          220          329            9            0  978591.6564  223333.5374   45761.7261       0.0000          176          267            2            0  862412.0381  190745.8599   11603.0487       0.0000          136          213            3            0  715230.6623  162201.1352   18529.5768       0.0000            0            0            0            0       0.0000       0.0000       0.0000       0.0000
                         75600            0            0            0            0       0.0000       0.0000       0.0000       0.0000            0            0            0            0       0.0000       0.0000       0.0000       0.0000          516          909          284            0  548803.2865  127650.5240  349623.4411       0.0000          496          848          127            0  906176.6642  214802.7859  264673.4008       0.0000          434          699           51            0 1122461.3350  264989.1254  150227.4411       0.0000          353          561           24            0 1164291.3604  276594.9214   92974.2436       0.0000          281          451           13            0 1103803.3282  271194.6052   62390.2915       0.0000          220          329            9            0  978598.1575  224630.0838   45761.7261       0.0000          176          267            2            0  862417.6542  192072.8832   11603.0487       0.0000          136          213            3            0  715236.3881  164230.1675   18529.5768       0.0000            0            0            0            0       0.0000       0.0000       0.0000       0.0000
                         79200            0            0            0            0       0.0000       0.0000       0.0000       0.0000            0            0            0            0       0.0000       0.0000       0.0000       0.0000          498          986          302            0  529206.8558  124742.5737  373548.5988       0.0000          488          912          135            0  892058.0386  212513.2751  283069.4664       0.0000          434          758           51            0 1122496.6965  267099.5109  150227.4411       0.0000          350          604           27            0 1155023.8213  276287.9464  104723.9506       0.0000          280          480           14            0 1099821.2879  274158.6999   66512.6724       0.0000          219          356           10            0  974260.7536  225437.4414   50500.0701       0.0000          176          288            2            0  862423.5903  193484.4099   11603.0487       0.0000          135          229            4            0  710006.3318  165860.4872   23959.7425       0.0000            0            0            0            0       0.0000       0.0000       0.0000       0.0000
                         82800            0            0            0            0       0.0000       0.0000       0.0000       0.0000            0            0            0            0       0.0000       0.0000       0.0000       0.0000          498          986          302            0  529234.5633  125535.5799  373548.5988       0.0000          488          912          135            0  892113.6368  214788.7631  283069.4664       0.0000          434          758           51            0 1122529.5936  269150.0213  150227.4411       0.0000          350          604           27            0 1155043.0188  277967.9151  104723.9506       0.0000          280          480           14            0 1099837.8766  276161.9761   66512.6724       0.0000          219          356           10            0  974267.1120  226491.3365   50500.0701       0.0000          176          288            2            0  862430.8204  195143.2204   11603.0487       0.0000          135          229            4            0  710009.5717  166859.6241   23959.7425       0.0000            0            0            0            0       0.0000       0.0000       0.0000       0.0000
                         86400            0            0            0            0       0.0000       0.0000       0.0000       0.0000            0            0            0            0       0.0000       0.0000       0.0000       0.0000          498          986          302            0  529281.6892  126747.0010  373548.5988       0.0000          488          912          135            0  892153.2060  216305.1864  283069.4664       0.0000          434          758           51            0 1122551.9685  270463.8294  150227.4411       0.0000          350          604           27            0 1155070.3357  280396.7796  104723.9506       0.0000          280          480           14            0 1099870.6607  279908.9509   66512.6724       0.0000          219          356           10            0  974285.1596  229340.5503   50500.0701       0.0000          176          288            2            0  862436.2364  196121.2560   11603.0487       0.0000          135          229            4            0  710013.7984  168056.3697   23959.7425       0.0000            0            0            0            0       0.0000       0.0000       0.0000       0.0000
                         90000            0            0            0            0       0.0000       0.0000       0.0000       0.0000            0            0            0            0       0.0000       0.0000       0.0000       0.0000          492         1042          324            0  518062.3901  123494.7382  402661.9108       0.0000          479          977          144            0  877017.2965  215346.2482  301361.0194       0.0000          433          815           52            0 1119876.8436  272209.2712  153404.7028       0.0000          347          644           30            0 1144888.6865  279396.1105  118444.9131       0.0000          278          521           16            0 1092228.3632  281319.8236   75323.2642       0.0000          218          385           11            0  969990.1494  230082.8848   55918.1009       0.0000          176          310            2            0  862449.3477  198877.4047   11603.0487       0.0000          135          257            4            0  710018.2087  169273.6751   23959.7425       0.0000            0            0            0            0       0.0000       0.0000       0.0000       0.0000
                         93600            0            0            0            0       0.0000       0.0000       0.0000       0.0000            0            0            0            0       0.0000       0.0000       0.0000       0.0000          492         1042          324            0  518102.1047  124420.7699  402661.9108       0.0000          479          977          144            0  877057.9106  216915.2825  301361.0194       0.0000          433          815           52            0 1119916.0570  274558.2709  153404.7028       0.0000          347          644           30            0 1144918.0590  281964.9714  118444.9131       0.0000          278          521           16            0 1092246.2981  283334.6640   75323.2642       0.0000          218          385           11            0  970003.8626  232202.9393   55918.1009       0.0000          176          310            2            0  862458.7711  201034.0101   11603.0487       0.0000          135          257            4            0  710020.6803  170010.5890   23959.7425       0.0000            0            0            0            0       0.0000       0.0000       0.0000       0.0000
                         97200            0            0            0            0       0.0000       0.0000       0.0000       0.0000            0            0            0            0       0.0000       0.0000       0.0000       0.0000          498         1086          334            0  519333.7884  125529.2915  415214.2236       0.0000          468         1060          155            0  856750.8364  212881.3990  326957.1679       0.0000          430          862           55            0 1112363.0738  275492.8969  162485.9296       0.0000          346          743           31            0 1141862.0004  283248.7642  121841.7887       0.0000          278          564           16            0 1092260.3935  285016.8415   75323.2642       0.0000          216          435           13            0  961253.0493  232435.8700   66133.5995       0.0000          175          360            3            0  857516.6653  201641.2972   17862.0298       0.0000          134          275            5            0  704891.9998  170673.9136   29873.7486       0.0000            0            0            0            0       0.0000       0.0000       0.0000       0.0000
                        100800            0            0            0            0       0.0000       0.0000       0.0000       0.0000            0            0            0            0       0.0000       0.0000       0.0000       0.0000          554         1086          334            0  559490.4291  135113.7203  415214.2236       0.0000          468         1060          155            0  856800.0186  214846.2006  326957.1679       0.0000          430          862           55            0 1112404.1974  277864.2946  162485.9296       0.0000          344          743           31            0 1134628.8896  283357.1627  121841.7887       0.0000          280          564           16            0 1099535.7247  288869.3517   75323.2642       0.0000          216          435           13            0  961262.5248  233888.1793   66133.5995       0.0000          174          360            3            0  852434.0961  202418.8802   17862.0298       0.0000          135          275            5            0  709986.4458  172731.7973   29873.7486       0.0000            0            0            0            0       0.0000       0.0000       0.0000       0.0000
                        104400            0            0            0            0       0.0000       0.0000       0.0000       0.0000            0            0            0            0       0.0000       0.0000       0.0000       0.0000          558         1191          346            0  561284.9446  136215.3494  427325.8875       0.0000          461         1139          162            0  843910.0941  213748.2725  343139.7311       0.0000          428          905           57            0 1107278.8719  279216.1057  168692.6447       0.0000          342          781           33            0 1128132.8912  283939.1502  129811.3484       0.0000          279          600           17            0 1095543.6964  290479.6664   79911.6264       0.0000          216          460           13            0  961276.1582  235943.9898   66133.5995       0.0000          174          382            3            0  852441.5595  204020.0656   17862.0298       0.0000          135          287            5            0  709993.2457  174751.9877   29873.7486       0.0000            0            0            0            0       0.0000       0.0000       0.0000       0.0000
                        108000            0            0            0            0       0.0000       0.0000       0.0000       0.0000            0            0            0            0       0.0000       0.0000       0.0000       0.0000          574         1191          346            0  572782.5265  139161.0853  427325.8875       0.0000          461         1139          162            0  843948.3815  215265.3196  343139.7311       0.0000          428          905           57            0 1107322.7960  281739.1467  168692.6447       0.0000          342          781           33            0 1128153.3511  285617.8512  129811.3484       0.0000          279          600           17            0 1095563.0202  292658.4705   79911.6264       0.0000          216          460           13            0  961288.4161  237796.5795   66133.5995       0.0000          174          382            3            0  852451.4278  206075.5806   17862.0298       0.0000          135          287            5            0  709999.1326  176494.2215   29873.7486       0.0000            0            0            0            0       0.0000       0.0000       0.0000       0.0000
                        111600            0            0            0            0       0.0000       0.0000       0.0000       0.0000            0            0            0            0       0.0000       0.0000       0.0000       0.0000          598         1191          346            0  590010.1664  143449.9419  427325.8875       0.0000          461         1139          162            0  843984.6441  216804.2268  343139.7311       0.0000          428          905           57            0 1107366.2292  284185.4376  168692.6447       0.0000          342          781           33            0 1128182.8033  288099.0991  129811.3484       0.0000          279          600           17            0 1095583.3645  295092.1230   79911.6264       0.0000          216          460           13            0  961297.7541  239271.4454   66133.5995       0.0000          174          382            3            0  852458.9227  207659.2507   17862.0298       0.0000          135          287            5            0  710002.7399  177439.1203   29873.7486       0.0000            0            0            0            0       0.0000       0.0000       0.0000       0.0000
                        115200            0            0            0            0       0.0000       0.0000       0.0000       0.0000            0            0            0            0       0.0000       0.0000       0.0000       0.0000          597         1290          355            0  588427.1247  144275.3983  436270.2931       0.0000          460         1195          163            0  842460.3417  217475.8386  345100.8430       0.0000          428          963           57            0 1107407.6737  286451.7745  168692.6447       0.0000          342          818           33            0 1128212.4601  290526.6347  129811.3484       0.0000          279          629           17            0 1095602.3860  297267.5875   79911.6264       0.0000          216          478           13            0  961310.7968  241135.4916   66133.5995       0.0000          174          407            3            0  852466.2471  209344.0123   17862.0298       0.0000          135          307            5            0  710008.7664  179132.0033   29873.7486       0.0000            0            0            0            0       0.0000       0.0000       0.0000       0.0000
                        118800            0            0            0            0       0.0000       0.0000       0.0000       0.0000            0            0            0            0       0.0000       0.0000       0.0000       0.0000          629         1290          355            0  611388.9732  150072.3417  436270.2931       0.0000          460         1195          163            0  842504.9714  219199.8904  345100.8430       0.0000          428          963           57            0 1107451.0053  288887.1777  168692.6447       0.0000          342          818           33            0 1128248.4362  293281.9774  129811.3484       0.0000          279          629           17            0 1095610.5049  298152.8556   79911.6264       0.0000          216          478           13            0  961318.7544  242320.2395   66133.5995       0.0000          174          407            3            0  852476.9896  211644.5303   17862.0298       0.0000          135          307            5            0  710010.4685  179635.1281   29873.7486       0.0000            0            0            0            0       0.0000       0.0000       0.0000       0.0000
