BioMASSver                             0.22
date                             2015/05/29
hour                               11:11:33
biomass.model.taxonomy.Planktivore1
Girella-Nigricans             
Chopa-verde                   
longevity                              3904
linf                                68.3000
t0                                  -0.4200
k                                    0.2700
a                                    0.0199
b                                    3.0063
newborn_orgs                            800
pop_deathrate                        0.0007
rep_cycle                               365
age_classes                              11
                         steps       orgs00        hid00     killed00    starved00   leanmass00    fatmass00   killmass00  starvemas00       orgs01        hid01     killed01    starved01   leanmass01    fatmass01   killmass01  starvemas01       orgs02        hid02     killed02    starved02   leanmass02    fatmass02   killmass02  starvemas02       orgs03        hid03     killed03    starved03   leanmass03    fatmass03   killmass03  starvemas03       orgs04        hid04     killed04    starved04   leanmass04    fatmass04   killmass04  starvemas04       orgs05        hid05     killed05    starved05   leanmass05    fatmass05   killmass05  starvemas05       orgs06        hid06     killed06    starved06   leanmass06    fatmass06   killmass06  starvemas06       orgs07        hid07     killed07    starved07   leanmass07    fatmass07   killmass07  starvemas07       orgs08        hid08     killed08    starved08   leanmass08    fatmass08   killmass08  starvemas08       orgs09        hid09     killed09    starved09   leanmass09    fatmass09   killmass09  starvemas09       orgs10        hid10     killed10    starved10   leanmass10    fatmass10   killmass10  starvemas10
                             0            0            0            0            0       0.0000       0.0000       0.0000       0.0000            0            0            0            0       0.0000       0.0000       0.0000       0.0000          800            0            0            0  833869.9868  170402.8668       0.0000       0.0000          623            0            0            0 1116128.8222  227139.3536       0.0000       0.0000          485            0            0            0 1247379.3583  254147.8022       0.0000       0.0000          377            0            0            0 1247138.1480  244297.9089       0.0000       0.0000          294            0            0            0 1156652.9421  226231.0780       0.0000       0.0000          229            0            0            0 1020684.6287  214704.3097       0.0000       0.0000          178            0            0            0  873840.8791  181102.3662       0.0000       0.0000          139            0            0            0  728792.4838  147261.8466       0.0000       0.0000            0            0            0            0       0.0000       0.0000       0.0000       0.0000
                          3600            0            0            0            0       0.0000       0.0000       0.0000       0.0000            0            0            0            0       0.0000       0.0000       0.0000       0.0000          615           59          185            0  645573.2211  131003.0439  227749.4510       0.0000          542           48           81            0  973310.2356  199120.0110  170934.1926       0.0000          461           21           24            0 1185560.8145  242719.9564   73405.5630       0.0000          363           22           14            0 1200786.6309  235297.0774   55517.6692       0.0000          293           10            1            0 1152647.2849  225280.1239    5295.1331       0.0000          228            7            1            0 1016113.7114  214475.8838    4919.8573       0.0000          175            8            3            0  859557.9278  178180.4947   17354.9603       0.0000          138            4            1            0  723398.9980  146017.8176    6831.1522       0.0000            0            0            0            0       0.0000       0.0000       0.0000       0.0000
                          7200            0            0            0            0       0.0000       0.0000       0.0000       0.0000            0            0            0            0       0.0000       0.0000       0.0000       0.0000          615           59          185            0  645575.5267  131021.8346  227749.4510       0.0000          542           48           81            0  973311.8506  199167.0763  170934.1926       0.0000          461           21           24            0 1185563.1514  242884.8222   73405.5630       0.0000          363           22           14            0 1200788.6901  235458.1894   55517.6692       0.0000          293           10            1            0 1152648.5073  225487.3381    5295.1331       0.0000          228            7            1            0 1016114.3893  214611.8608    4919.8573       0.0000          175            8            3            0  859558.2736  178306.0453   17354.9603       0.0000          138            4            1            0  723399.3501  146195.8342    6831.1522       0.0000            0            0            0            0       0.0000       0.0000       0.0000       0.0000
                         10800            0            0            0            0       0.0000       0.0000       0.0000       0.0000            0            0            0            0       0.0000       0.0000       0.0000       0.0000          590          127          210            0  620196.1008  125596.0158  258732.9301       0.0000          537          119           86            0  964714.0041  197947.4267  181154.9907       0.0000          460           92           25            0 1182699.3073  242927.4698   76581.5392       0.0000          362           69           15            0 1197805.5145  236178.6449   58604.0801       0.0000          293           42            1            0 1152652.2281  226087.8532    5295.1331       0.0000          228           23            1            0 1016115.1138  214943.8961    4919.8573       0.0000          175           19            3            0  859559.5023  178868.7022   17354.9603       0.0000          138            9            1            0  723400.0069  146513.2723    6831.1522       0.0000            0            0            0            0       0.0000       0.0000       0.0000       0.0000
                         14400            0            0            0            0       0.0000       0.0000       0.0000       0.0000            0            0            0            0       0.0000       0.0000       0.0000       0.0000          590          127          210            0  620205.4434  125819.5565  258732.9301       0.0000          537          119           86            0  964719.6593  198344.9330  181154.9907       0.0000          460           92           25            0 1182703.4994  243399.1577   76581.5392       0.0000          362           69           15            0 1197809.0820  236811.5001   58604.0801       0.0000          293           42            1            0 1152654.2082  226603.4164    5295.1331       0.0000          228           23            1            0 1016116.7488  215966.9235    4919.8573       0.0000          175           19            3            0  859560.3278  179226.5130   17354.9603       0.0000          138            9            1            0  723400.3857  146713.2544    6831.1522       0.0000            0            0            0            0       0.0000       0.0000       0.0000       0.0000
                         18000            0            0            0            0       0.0000       0.0000       0.0000       0.0000            0            0            0            0       0.0000       0.0000       0.0000       0.0000          566          235          234            0  595426.9080  121851.8573  287663.7913       0.0000          521          252          102            0  937164.9857  192410.9681  215284.7815       0.0000          455          194           30            0 1170753.3632  242722.7981   90219.0159       0.0000          361          160           16            0 1194411.3830  237036.9886   62220.9303       0.0000          293          119            1            0 1152657.4864  227312.4836    5295.1331       0.0000          228           80            1            0 1016117.9481  216495.8007    4919.8573       0.0000          175           68            3            0  859561.3803  179669.6299   17354.9603       0.0000          138           57            1            0  723401.9286  147269.6609    6831.1522       0.0000            0            0            0            0       0.0000       0.0000       0.0000       0.0000
                         21600            0            0            0            0       0.0000       0.0000       0.0000       0.0000            0            0            0            0       0.0000       0.0000       0.0000       0.0000          566          235          234            0  595440.4926  122522.0596  287663.7913       0.0000          521          252          102            0  937174.9532  193312.2372  215284.7815       0.0000          455          194           30            0 1170761.8856  244098.2319   90219.0159       0.0000          361          160           16            0 1194416.0914  238042.3841   62220.9303       0.0000          293          119            1            0 1152660.3506  228242.1004    5295.1331       0.0000          228           80            1            0 1016119.1264  217120.8418    4919.8573       0.0000          175           68            3            0  859564.8360  181724.4793   17354.9603       0.0000          138           57            1            0  723403.2579  148488.5884    6831.1522       0.0000            0            0            0            0       0.0000       0.0000       0.0000       0.0000
                         25200            0            0            0            0       0.0000       0.0000       0.0000       0.0000            0            0            0            0       0.0000       0.0000       0.0000       0.0000          566          235          234            0  595449.8531  122796.5188  287663.7913       0.0000          521          252          102            0  937186.3846  194047.0495  215284.7815       0.0000          455          194           30            0 1170771.2745  245067.0781   90219.0159       0.0000          361          160           16            0 1194426.1711  239774.9686   62220.9303       0.0000          293          119            1            0 1152664.6627  229479.9162    5295.1331       0.0000          228           80            1            0 1016123.8228  219104.6570    4919.8573       0.0000          175           68            3            0  859566.5687  182442.1832   17354.9603       0.0000          138           57            1            0  723404.6582  149562.9966    6831.1522       0.0000            0            0            0            0       0.0000       0.0000       0.0000       0.0000
