BioMASSver                             0.22
date                             2016/05/12
hour                               13:34:03
biomass.model.taxonomy.Planktivore1
Girella-Nigricans             
Chopa-verde                   
longevity                              3904
linf                                68.3000
t0                                  -0.4200
k                                    0.2700
a                                    0.0199
b                                    3.0063
newborn_orgs                            800
pop_deathrate                        0.0007
rep_cycle                               365
age_classes                              11
                         steps       orgs00        hid00     killed00    starved00   leanmass00    fatmass00   killmass00  starvemas00       orgs01        hid01     killed01    starved01   leanmass01    fatmass01   killmass01  starvemas01       orgs02        hid02     killed02    starved02   leanmass02    fatmass02   killmass02  starvemas02       orgs03        hid03     killed03    starved03   leanmass03    fatmass03   killmass03  starvemas03       orgs04        hid04     killed04    starved04   leanmass04    fatmass04   killmass04  starvemas04       orgs05        hid05     killed05    starved05   leanmass05    fatmass05   killmass05  starvemas05       orgs06        hid06     killed06    starved06   leanmass06    fatmass06   killmass06  starvemas06       orgs07        hid07     killed07    starved07   leanmass07    fatmass07   killmass07  starvemas07       orgs08        hid08     killed08    starved08   leanmass08    fatmass08   killmass08  starvemas08       orgs09        hid09     killed09    starved09   leanmass09    fatmass09   killmass09  starvemas09       orgs10        hid10     killed10    starved10   leanmass10    fatmass10   killmass10  starvemas10
                             0            0            0            0            0       0.0000       0.0000       0.0000       0.0000            0            0            0            0       0.0000       0.0000       0.0000       0.0000          800            0            0            0  839165.5087  168383.2320       0.0000       0.0000          623            0            0            0 1124385.2930  233780.1141       0.0000       0.0000          485            0            0            0 1250862.2735  255262.0545       0.0000       0.0000          377            0            0            0 1249628.6262  258778.8019       0.0000       0.0000          294            0            0            0 1156402.6245  248254.7412       0.0000       0.0000          229            0            0            0 1022803.3139  202793.3800       0.0000       0.0000          178            0            0            0  875315.6197  170902.0182       0.0000       0.0000          139            0            0            0  732384.4185  160548.5521       0.0000       0.0000            0            0            0            0       0.0000       0.0000       0.0000       0.0000
                          3600            0            0            0            0       0.0000       0.0000       0.0000       0.0000            0            0            0            0       0.0000       0.0000       0.0000       0.0000          632           65          168            0  673282.9858  137176.2011  197182.2037       0.0000          555           45           68            0 1002758.2274  210448.9328  144976.8135       0.0000          449           26           36            0 1158857.1088  237849.4056  109569.4518       0.0000          366           32           11            0 1212853.7198  252507.2218   43136.4151       0.0000          281            7           13            0 1105637.8067  239785.8527   59362.6878       0.0000          222            5            7            0  991618.7513  197254.9145   36947.6542       0.0000          177            2            1            0  870364.9407  170537.4289    5461.3196       0.0000          137            8            2            0  721840.6453  158856.3818   12336.3425       0.0000            0            0            0            0       0.0000       0.0000       0.0000       0.0000
                          7200            0            0            0            0       0.0000       0.0000       0.0000       0.0000            0            0            0            0       0.0000       0.0000       0.0000       0.0000          632           65          168            0  673285.8033  137176.2498  197182.2037       0.0000          555           45           68            0 1002762.2112  210605.1472  144976.8135       0.0000          449           26           36            0 1158859.2446  238070.3295  109569.4518       0.0000          366           32           11            0 1212855.4789  252718.9279   43136.4151       0.0000          281            7           13            0 1105639.0428  240000.0497   59362.6878       0.0000          222            5            7            0  991619.6345  197366.8625   36947.6542       0.0000          177            2            1            0  870365.3293  170729.9200    5461.3196       0.0000          137            8            2            0  721841.1158  159041.0980   12336.3425       0.0000            0            0            0            0       0.0000       0.0000       0.0000       0.0000
                         10800            0            0            0            0       0.0000       0.0000       0.0000       0.0000            0            0            0            0       0.0000       0.0000       0.0000       0.0000          608          160          192            0  649563.3746  132359.1592  225878.2071       0.0000          546          138           77            0  987961.0226  208871.0780  161739.8718       0.0000          448           77           37            0 1156216.2467  237832.2631  112705.6078       0.0000          365           93           12            0 1209831.4119  253251.6195   46355.9313       0.0000          281           36           13            0 1105641.6939  240431.5769   59362.6878       0.0000          222           20            7            0  991621.8860  198055.2938   36947.6542       0.0000          177           23            1            0  870365.8817  170903.1301    5461.3196       0.0000          137           20            2            0  721841.3099  159068.1637   12336.3425       0.0000            0            0            0            0       0.0000       0.0000       0.0000       0.0000
                         14400            0            0            0            0       0.0000       0.0000       0.0000       0.0000            0            0            0            0       0.0000       0.0000       0.0000       0.0000          608          160          192            0  649570.6160  132718.3747  225878.2071       0.0000          546          138           77            0  987967.7123  209334.9843  161739.8718       0.0000          448           77           37            0 1156221.9952  238385.5404  112705.6078       0.0000          365           93           12            0 1209836.7447  253931.7249   46355.9313       0.0000          281           36           13            0 1105644.4642  241435.9094   59362.6878       0.0000          222           20            7            0  991623.9469  198648.4017   36947.6542       0.0000          177           23            1            0  870367.0667  171606.9033    5461.3196       0.0000          137           20            2            0  721842.4744  160055.5354   12336.3425       0.0000            0            0            0            0       0.0000       0.0000       0.0000       0.0000
                         18000            0            0            0            0       0.0000       0.0000       0.0000       0.0000            0            0            0            0       0.0000       0.0000       0.0000       0.0000          584          325          216            0  624672.7030  128506.2501  255301.3684       0.0000          539          286           84            0  976335.9380  206792.5582  176226.6335       0.0000          443          183           42            0 1143372.1077  236639.8946  127703.6923       0.0000          364          205           13            0 1206231.6770  254024.9711   50807.5229       0.0000          281          110           13            0 1105648.0488  242263.7955   59362.6878       0.0000          222           86            7            0  991625.9353  199631.8579   36947.6542       0.0000          177           92            1            0  870369.2053  172212.1328    5461.3196       0.0000          137           67            2            0  721842.8194  160422.0115   12336.3425       0.0000            0            0            0            0       0.0000       0.0000       0.0000       0.0000
                         21600            0            0            0            0       0.0000       0.0000       0.0000       0.0000            0            0            0            0       0.0000       0.0000       0.0000       0.0000          584          325          216            0  624682.4050  129084.0018  255301.3684       0.0000          539          286           84            0  976348.6005  207957.9763  176226.6335       0.0000          443          183           42            0 1143379.4999  237791.2711  127703.6923       0.0000          364          205           13            0 1206237.2428  255256.1662   50807.5229       0.0000          281          110           13            0 1105651.2592  243660.5488   59362.6878       0.0000          222           86            7            0  991629.0668  200943.4942   36947.6542       0.0000          177           92            1            0  870370.8684  173310.3113    5461.3196       0.0000          137           67            2            0  721844.2021  161593.5096   12336.3425       0.0000            0            0            0            0       0.0000       0.0000       0.0000       0.0000
                         25200            0            0            0            0       0.0000       0.0000       0.0000       0.0000            0            0            0            0       0.0000       0.0000       0.0000       0.0000          584          325          216            0  624693.9749  129542.1498  255301.3684       0.0000          539          286           84            0  976355.5249  208438.1798  176226.6335       0.0000          443          183           42            0 1143394.7129  239408.5989  127703.6923       0.0000          364          205           13            0 1206242.7474  256277.9913   50807.5229       0.0000          281          110           13            0 1105655.6456  245048.5518   59362.6878       0.0000          222           86            7            0  991631.2357  201556.5552   36947.6542       0.0000          177           92            1            0  870372.9422  174459.4282    5461.3196       0.0000          137           67            2            0  721844.6500  161960.3774   12336.3425       0.0000            0            0            0            0       0.0000       0.0000       0.0000       0.0000
                         28800            0            0            0            0       0.0000       0.0000       0.0000       0.0000            0            0            0            0       0.0000       0.0000       0.0000       0.0000          560          494          240            0  601299.9167  126440.7797  282767.7925       0.0000          537          434           86            0  973057.9117  209081.9490  179861.1076       0.0000          441          307           44            0 1137901.5479  240317.9177  134027.9374       0.0000          362          331           15            0 1199944.9834  257975.5826   57557.9337       0.0000          281          213           13            0 1105662.6572  246963.0943   59362.6878       0.0000          222          158            7            0  991637.1606  203968.4768   36947.6542       0.0000          177          145            1            0  870375.3018  175538.3395    5461.3196       0.0000          137          122            2            0  721845.7140  162900.6251   12336.3425       0.0000            0            0            0            0       0.0000       0.0000       0.0000       0.0000
                         32400            0            0            0            0       0.0000       0.0000       0.0000       0.0000            0            0            0            0       0.0000       0.0000       0.0000       0.0000          560          494          240            0  601313.5755  127143.8718  282767.7925       0.0000          537          434           86            0  973070.4159  210118.5686  179861.1076       0.0000          441          307           44            0 1137910.2139  241526.3981  134027.9374       0.0000          362          331           15            0 1199956.6564  260386.4157   57557.9337       0.0000          281          213           13            0 1105667.3165  248147.7143   59362.6878       0.0000          222          158            7            0  991642.1453  206129.0708   36947.6542       0.0000          177          145            1            0  870379.6813  177626.7869    5461.3196       0.0000          137          122            2            0  721847.8884  164612.1587   12336.3425       0.0000            0            0            0            0       0.0000       0.0000       0.0000       0.0000
