BioMASSver                             0.22
date                             2014/08/19
hour                               19:52:31
biomass.model.taxonomy.Planktivore1
Girella-Nigricans             
Chopa-verde                   
longevity                              3904
linf                                68.3000
t0                                  -0.4200
k                                    0.2700
a                                    0.0199
b                                    3.0063
newborn_orgs                            800
pop_deathrate                        0.0007
rep_cycle                               365
age_classes                              11
                         steps       orgs00        hid00     killed00    starved00   leanmass00    fatmass00   killmass00  starvemas00       orgs01        hid01     killed01    starved01   leanmass01    fatmass01   killmass01  starvemas01       orgs02        hid02     killed02    starved02   leanmass02    fatmass02   killmass02  starvemas02       orgs03        hid03     killed03    starved03   leanmass03    fatmass03   killmass03  starvemas03       orgs04        hid04     killed04    starved04   leanmass04    fatmass04   killmass04  starvemas04       orgs05        hid05     killed05    starved05   leanmass05    fatmass05   killmass05  starvemas05       orgs06        hid06     killed06    starved06   leanmass06    fatmass06   killmass06  starvemas06       orgs07        hid07     killed07    starved07   leanmass07    fatmass07   killmass07  starvemas07       orgs08        hid08     killed08    starved08   leanmass08    fatmass08   killmass08  starvemas08       orgs09        hid09     killed09    starved09   leanmass09    fatmass09   killmass09  starvemas09       orgs10        hid10     killed10    starved10   leanmass10    fatmass10   killmass10  starvemas10
                             0            0            0            0            0       0.0000       0.0000       0.0000       0.0000            0            0            0            0       0.0000       0.0000       0.0000       0.0000          800            0            0            0  843399.0464  180581.5021       0.0000       0.0000          623            0            0            0 1122159.1015  236662.8017       0.0000       0.0000          485            0            0            0 1258752.1138  258843.2968       0.0000       0.0000          377            0            0            0 1243506.8913  252515.2878       0.0000       0.0000          294            0            0            0 1157440.6837  239338.8139       0.0000       0.0000          229            0            0            0 1024799.7666  202126.4623       0.0000       0.0000          178            0            0            0  870784.6211  168992.4005       0.0000       0.0000          139            0            0            0  730200.3686  165575.6213       0.0000       0.0000            0            0            0            0       0.0000       0.0000       0.0000       0.0000
                          3600            0            0            0            0       0.0000       0.0000       0.0000       0.0000            0            0            0            0       0.0000       0.0000       0.0000       0.0000          616           44          184            0  654945.4408  138983.6831  230021.3734       0.0000          550           23           73            0  994092.4390  211558.8438  153268.5082       0.0000          464           33           21            0 1205479.1601  249057.3123   63134.9788       0.0000          362           13           15            0 1193843.1352  242331.8527   59977.1227       0.0000          288           10            6            0 1133255.0779  235948.7807   27722.4882       0.0000          222            3            7            0  993256.9957  196736.6869   36980.5790       0.0000          175            6            3            0  855852.9108  166995.8904   16928.5182       0.0000          136            5            3            0  714526.3708  161684.3326   19739.7180       0.0000            0            0            0            0       0.0000       0.0000       0.0000       0.0000
                          7200            0            0            0            0       0.0000       0.0000       0.0000       0.0000            0            0            0            0       0.0000       0.0000       0.0000       0.0000          616           44          184            0  654948.2181  139019.6966  230021.3734       0.0000          550           23           73            0  994095.1711  211628.2350  153268.5082       0.0000          464           33           21            0 1205482.2767  249326.8850   63134.9788       0.0000          362           13           15            0 1193845.2546  242605.0018   59977.1227       0.0000          288           10            6            0 1133256.3199  236075.2982   27722.4882       0.0000          222            3            7            0  993257.4979  196833.2772   36980.5790       0.0000          175            6            3            0  855853.5575  167299.4066   16928.5182       0.0000          136            5            3            0  714526.5747  161730.0884   19739.7180       0.0000            0            0            0            0       0.0000       0.0000       0.0000       0.0000
                         10800            0            0            0            0       0.0000       0.0000       0.0000       0.0000            0            0            0            0       0.0000       0.0000       0.0000       0.0000          604          144          196            0  643196.6707  136822.7005  244074.6698       0.0000          543          101           80            0  982153.8750  209332.0535  167826.0829       0.0000          459          110           26            0 1192727.9820  248080.1904   77470.7036       0.0000          361           73           16            0 1190885.7496  241970.6265   63835.6389       0.0000          288           50            6            0 1133259.3684  237024.7960   27722.4882       0.0000          222           36            7            0  993259.0159  197479.3284   36980.5790       0.0000          175           30            3            0  855854.3493  167609.6650   16928.5182       0.0000          136           15            3            0  714526.7397  161780.0899   19739.7180       0.0000            0            0            0            0       0.0000       0.0000       0.0000       0.0000
                         14400            0            0            0            0       0.0000       0.0000       0.0000       0.0000            0            0            0            0       0.0000       0.0000       0.0000       0.0000          604          144          196            0  643204.9002  137001.6726  244074.6698       0.0000          543          101           80            0  982163.0438  209888.9022  167826.0829       0.0000          459          110           26            0 1192734.4325  248859.4166   77470.7036       0.0000          361           73           16            0 1190889.3599  242250.1819   63835.6389       0.0000          288           50            6            0 1133263.4571  238534.1945   27722.4882       0.0000          222           36            7            0  993259.9377  197829.4099   36980.5790       0.0000          175           30            3            0  855855.5511  167875.3609   16928.5182       0.0000          136           15            3            0  714527.3834  162256.6572   19739.7180       0.0000            0            0            0            0       0.0000       0.0000       0.0000       0.0000
                         18000            0            0            0            0       0.0000       0.0000       0.0000       0.0000            0            0            0            0       0.0000       0.0000       0.0000       0.0000          579          270          221            0  616805.9487  132475.7682  275289.8573       0.0000          540          215           83            0  976545.8335  209484.7783  174091.4320       0.0000          456          220           29            0 1185387.5521  247371.5258   86981.6742       0.0000          361          161           16            0 1190892.8290  242659.2979   63835.6389       0.0000          288          124            6            0 1133268.1261  239564.8015   27722.4882       0.0000          222           99            7            0  993262.6653  198642.4194   36980.5790       0.0000          175           82            3            0  855856.9947  168446.0543   16928.5182       0.0000          136           52            3            0  714528.7289  163137.8862   19739.7180       0.0000            0            0            0            0       0.0000       0.0000       0.0000       0.0000
                         21600            0            0            0            0       0.0000       0.0000       0.0000       0.0000            0            0            0            0       0.0000       0.0000       0.0000       0.0000          579          270          221            0  616814.9332  132699.3221  275289.8573       0.0000          540          215           83            0  976554.5168  210178.0854  174091.4320       0.0000          456          220           29            0 1185397.2640  248388.6247   86981.6742       0.0000          361          161           16            0 1190897.9649  243784.2396   63835.6389       0.0000          288          124            6            0 1133274.4176  241732.4852   27722.4882       0.0000          222           99            7            0  993265.0992  199740.7111   36980.5790       0.0000          175           82            3            0  855858.2865  168980.9691   16928.5182       0.0000          136           52            3            0  714529.1328  163591.5784   19739.7180       0.0000            0            0            0            0       0.0000       0.0000       0.0000       0.0000
                         25200            0            0            0            0       0.0000       0.0000       0.0000       0.0000            0            0            0            0       0.0000       0.0000       0.0000       0.0000          579          270          221            0  616828.1688  133378.0664  275289.8573       0.0000          540          215           83            0  976567.8741  211104.0075  174091.4320       0.0000          456          220           29            0 1185405.8011  249360.5182   86981.6742       0.0000          361          161           16            0 1190903.9533  244908.7663   63835.6389       0.0000          288          124            6            0 1133280.1199  243298.5308   27722.4882       0.0000          222           99            7            0  993268.3063  201128.1147   36980.5790       0.0000          175           82            3            0  855860.8485  170375.7091   16928.5182       0.0000          136           52            3            0  714530.1286  163888.6617   19739.7180       0.0000            0            0            0            0       0.0000       0.0000       0.0000       0.0000
                         28800            0            0            0            0       0.0000       0.0000       0.0000       0.0000            0            0            0            0       0.0000       0.0000       0.0000       0.0000          560          395          240            0  598093.3907  130462.2605  297719.1920       0.0000          526          347           97            0  951143.7575  207655.8473  204190.1949       0.0000          453          352           32            0 1177498.5300  250359.7203   95894.6717       0.0000          360          275           17            0 1187742.4430  246111.0647   67190.2342       0.0000          286          229            8            0 1125251.4528  243891.1474   36512.6037       0.0000          222          174            7            0  993272.8967  203175.1517   36980.5790       0.0000          175          143            3            0  855862.5783  171376.1177   16928.5182       0.0000          136          103            3            0  714531.1914  164358.0791   19739.7180       0.0000            0            0            0            0       0.0000       0.0000       0.0000       0.0000
                         32400            0            0            0            0       0.0000       0.0000       0.0000       0.0000            0            0            0            0       0.0000       0.0000       0.0000       0.0000          560          395          240            0  598111.1853  131321.9374  297719.1920       0.0000          526          347           97            0  951162.7004  209174.2574  204190.1949       0.0000          453          352           32            0 1177510.9911  252049.3406   95894.6717       0.0000          360          275           17            0 1187754.1218  248499.3917   67190.2342       0.0000          286          229            8            0 1125258.7301  245639.9463   36512.6037       0.0000          222          174            7            0  993276.9925  204958.0356   36980.5790       0.0000          175          143            3            0  855864.7868  172544.0442   16928.5182       0.0000          136          103            3            0  714533.3252  165814.0369   19739.7180       0.0000            0            0            0            0       0.0000       0.0000       0.0000       0.0000
                         36000            0            0            0            0       0.0000       0.0000       0.0000       0.0000            0            0            0            0       0.0000       0.0000       0.0000       0.0000          543          503          257            0  580119.1653  128456.5884  319663.4658       0.0000          512          471          111            0  926165.2488  205867.8429  233732.4173       0.0000          444          478           41            0 1154287.9124  248134.0489  125306.2972       0.0000          358          363           19            0 1181316.8078  249556.5426   74891.3958       0.0000          284          293           10            0 1117396.8505  244703.5118   46852.7810       0.0000          221          227            8            0  988756.2943  205558.1907   42393.4852       0.0000          175          182            3            0  855867.0023  173645.4949   16928.5182       0.0000          136          133            3            0  714536.0056  167431.6936   19739.7180       0.0000            0            0            0            0       0.0000       0.0000       0.0000       0.0000
                         39600            0            0            0            0       0.0000       0.0000       0.0000       0.0000            0            0            0            0       0.0000       0.0000       0.0000       0.0000          543          503          257            0  580135.7787  129228.4081  319663.4658       0.0000          512          471          111            0  926181.0301  207173.4949  233732.4173       0.0000          444          478           41            0 1154303.4395  250138.9174  125306.2972       0.0000          358          363           19            0 1181331.2861  252267.5149   74891.3958       0.0000          284          293           10            0 1117402.2154  246195.4700   46852.7810       0.0000          221          227            8            0  988761.5049  207439.8841   42393.4852       0.0000          175          182            3            0  855869.9661  174925.3980   16928.5182       0.0000          136          133            3            0  714537.7967  168383.2620   19739.7180       0.0000            0            0            0            0       0.0000       0.0000       0.0000       0.0000
                         43200            0            0            0            0       0.0000       0.0000       0.0000       0.0000            0            0            0            0       0.0000       0.0000       0.0000       0.0000          543          503          257            0  580159.6176  130123.4104  319663.4658       0.0000          512          471          111            0  926211.7048  209531.4183  233732.4173       0.0000          444          478           41            0 1154328.1180  253002.2273  125306.2972       0.0000          358          363           19            0 1181342.8569  254287.8472   74891.3958       0.0000          284          293           10            0 1117412.1506  248362.5351   46852.7810       0.0000          221          227            8            0  988770.3218  210083.9774   42393.4852       0.0000          175          182            3            0  855873.5687  176283.3050   16928.5182       0.0000          136          133            3            0  714540.3138  169770.6523   19739.7180       0.0000            0            0            0            0       0.0000       0.0000       0.0000       0.0000
                         46800            0            0            0            0       0.0000       0.0000       0.0000       0.0000            0            0            0            0       0.0000       0.0000       0.0000       0.0000          521          605          279            0  557072.3914  126916.0544  346794.3581       0.0000          503          580          120            0  910325.4802  208079.3252  253356.6489       0.0000          442          572           43            0 1149751.3064  254044.6928  130724.7349       0.0000          356          456           21            0 1174681.8665  255524.9011   82369.0286       0.0000          283          337           11            0 1113632.3625  249725.5869   51130.3390       0.0000          221          271            8            0  988776.3020  211913.0122   42393.4852       0.0000          175          211            3            0  855880.2419  178961.7665   16928.5182       0.0000          136          156            3            0  714542.4891  170961.1530   19739.7180       0.0000            0            0            0            0       0.0000       0.0000       0.0000       0.0000
                         50400            0            0            0            0       0.0000       0.0000       0.0000       0.0000            0            0            0            0       0.0000       0.0000       0.0000       0.0000          521          605          279            0  557101.1846  128032.8652  346794.3581       0.0000          503          580          120            0  910354.2365  210081.2968  253356.6489       0.0000          442          572           43            0 1149766.4191  255546.8271  130724.7349       0.0000          356          456           21            0 1174698.7328  257866.0599   82369.0286       0.0000          283          337           11            0 1113638.5535  251004.3059   51130.3390       0.0000          221          271            8            0  988785.9332  214672.0240   42393.4852       0.0000          175          211            3            0  855881.5419  179407.3832   16928.5182       0.0000          136          156            3            0  714546.3250  172720.4103   19739.7180       0.0000            0            0            0            0       0.0000       0.0000       0.0000       0.0000
                         54000            0            0            0            0       0.0000       0.0000       0.0000       0.0000            0            0            0            0       0.0000       0.0000       0.0000       0.0000          508          727          292            0  543773.1804  126076.7515  363073.3810       0.0000          495          680          128            0  895872.1838  209206.4946  271112.6357       0.0000          440          647           45            0 1144823.8384  256902.1937  136658.2406       0.0000          355          514           22            0 1171381.4153  259730.8920   86269.7782       0.0000          282          376           12            0 1109789.0845  252840.0693   55560.0386       0.0000          221          303            8            0  988796.9710  217615.6346   42393.4852       0.0000          175          232            3            0  855887.4216  181542.9523   16928.5182       0.0000          136          171            3            0  714547.3561  173228.1226   19739.7180       0.0000            0            0            0            0       0.0000       0.0000       0.0000       0.0000
                         57600            0            0            0            0       0.0000       0.0000       0.0000       0.0000            0            0            0            0       0.0000       0.0000       0.0000       0.0000          508          727          292            0  543803.2921  127200.8010  363073.3810       0.0000          495          680          128            0  895898.0817  210743.4853  271112.6357       0.0000          440          647           45            0 1144843.9149  258686.9750  136658.2406       0.0000          355          514           22            0 1171398.2270  261927.2687   86269.7782       0.0000          282          376           12            0 1109800.6584  254773.0598   55560.0386       0.0000          221          303            8            0  988806.6670  219855.7183   42393.4852       0.0000          175          232            3            0  855893.6184  183406.2098   16928.5182       0.0000          136          171            3            0  714550.5882  174710.7799   19739.7180       0.0000            0            0            0            0       0.0000       0.0000       0.0000       0.0000
                         61200            0            0            0            0       0.0000       0.0000       0.0000       0.0000            0            0            0            0       0.0000       0.0000       0.0000       0.0000          487          823          313            0  522727.3679  122425.0578  389863.9036       0.0000          493          763          130            0  892817.6223  211212.7107  275011.2599       0.0000          437          702           48            0 1137666.8607  259432.4536  144502.9734       0.0000          353          561           24            0 1164799.9287  263584.9643   93979.2811       0.0000          281          410           13            0 1105944.3683  255737.6765   60523.4878       0.0000          221          340            8            0  988815.6853  221715.8931   42393.4852       0.0000          174          254            4            0  850929.7563  184047.7997   23285.6733       0.0000          136          188            3            0  714554.1526  176181.3382   19739.7180       0.0000            0            0            0            0       0.0000       0.0000       0.0000       0.0000
                         64800            0            0            0            0       0.0000       0.0000       0.0000       0.0000            0            0            0            0       0.0000       0.0000       0.0000       0.0000          487          823          313            0  522759.4918  123523.4238  389863.9036       0.0000          493          763          130            0  892848.5719  212903.5206  275011.2599       0.0000          437          702           48            0 1137697.1106  261720.2298  144502.9734       0.0000          353          561           24            0 1164814.8146  265260.1821   93979.2811       0.0000          281          410           13            0 1105958.2213  257964.5102   60523.4878       0.0000          221          340            8            0  988825.6294  223818.9616   42393.4852       0.0000          174          254            4            0  850934.6152  185370.7991   23285.6733       0.0000          136          188            3            0  714559.0493  178219.3327   19739.7180       0.0000            0            0            0            0       0.0000       0.0000       0.0000       0.0000
                         68400            0            0            0            0       0.0000       0.0000       0.0000       0.0000            0            0            0            0       0.0000       0.0000       0.0000       0.0000          487          823          313            0  522792.1188  124622.9221  389863.9036       0.0000          493          763          130            0  892876.6208  214282.0102  275011.2599       0.0000          437          702           48            0 1137720.6722  263541.2153  144502.9734       0.0000          353          561           24            0 1164836.2218  267652.3797   93979.2811       0.0000          281          410           13            0 1105971.9470  259930.5803   60523.4878       0.0000          221          340            8            0  988831.4468  225097.5918   42393.4852       0.0000          174          254            4            0  850940.2378  186864.0854   23285.6733       0.0000          136          188            3            0  714566.5052  180929.7931   19739.7180       0.0000            0            0            0            0       0.0000       0.0000       0.0000       0.0000
                         72000            0            0            0            0       0.0000       0.0000       0.0000       0.0000            0            0            0            0       0.0000       0.0000       0.0000       0.0000          479          915          321            0  515610.9231  123950.8866  398562.8959       0.0000          493          824          130            0  892905.8471  215647.0471  275011.2599       0.0000          435          755           50            0 1132634.9404  264474.2167  150467.2143       0.0000          351          642           26            0 1158257.1991  267729.9421  102750.4970       0.0000          280          455           14            0 1102258.9268  261964.9785   64392.7118       0.0000          221          370            8            0  988837.6777  226400.8954   42393.4852       0.0000          174          283            4            0  850947.2247  188722.3253   23285.6733       0.0000          136          204            3            0  714572.9405  182735.1648   19739.7180       0.0000            0            0            0            0       0.0000       0.0000       0.0000       0.0000
                         75600            0            0            0            0       0.0000       0.0000       0.0000       0.0000            0            0            0            0       0.0000       0.0000       0.0000       0.0000          479          915          321            0  515629.5447  124543.4966  398562.8959       0.0000          493          824          130            0  892956.6927  217940.2391  275011.2599       0.0000          435          755           50            0 1132668.2708  266815.0727  150467.2143       0.0000          351          642           26            0 1158281.2928  270064.9523  102750.4970       0.0000          280          455           14            0 1102267.1966  263049.3640   64392.7118       0.0000          221          370            8            0  988846.9091  228033.5778   42393.4852       0.0000          174          283            4            0  850953.5930  190385.8959   23285.6733       0.0000          136          204            3            0  714576.7432  183777.7221   19739.7180       0.0000            0            0            0            0       0.0000       0.0000       0.0000       0.0000
                         79200            0            0            0            0       0.0000       0.0000       0.0000       0.0000            0            0            0            0       0.0000       0.0000       0.0000       0.0000          464          976          336            0  500965.8543  121468.1866  417038.5153       0.0000          487          891          136            0  882343.6852  217507.2668  287593.2678       0.0000          432          809           53            0 1125240.4476  267827.9962  160082.0378       0.0000          350          694           27            0 1154892.8813  272097.8341  106926.9494       0.0000          278          480           16            0 1094037.9223  263885.3628   74366.7799       0.0000          221          396            8            0  988857.8902  229886.0308   42393.4852       0.0000          174          304            4            0  850958.8056  191553.9844   23285.6733       0.0000          136          228            3            0  714580.6256  184974.4758   19739.7180       0.0000            0            0            0            0       0.0000       0.0000       0.0000       0.0000
                         82800            0            0            0            0       0.0000       0.0000       0.0000       0.0000            0            0            0            0       0.0000       0.0000       0.0000       0.0000          464          976          336            0  500988.0280  122091.6676  417038.5153       0.0000          487          891          136            0  882393.4867  219686.5442  287593.2678       0.0000          432          809           53            0 1125274.7410  269920.6509  160082.0378       0.0000          350          694           27            0 1154919.4275  274380.9086  106926.9494       0.0000          278          480           16            0 1094058.9132  266450.5460   74366.7799       0.0000          221          396            8            0  988866.4614  231421.3952   42393.4852       0.0000          174          304            4            0  850965.9400  193093.2810   23285.6733       0.0000          136          228            3            0  714584.5623  186183.4232   19739.7180       0.0000            0            0            0            0       0.0000       0.0000       0.0000       0.0000
                         86400            0            0            0            0       0.0000       0.0000       0.0000       0.0000            0            0            0            0       0.0000       0.0000       0.0000       0.0000          464          976          336            0  501030.7787  123309.4865  417038.5153       0.0000          487          891          136            0  882428.8106  221184.1070  287593.2678       0.0000          432          809           53            0 1125319.0293  272614.4022  160082.0378       0.0000          350          694           27            0 1154948.9284  276786.5159  106926.9494       0.0000          278          480           16            0 1094068.3607  267519.3028   74366.7799       0.0000          221          396            8            0  988875.5133  232941.6148   42393.4852       0.0000          174          304            4            0  850978.7207  195874.8478   23285.6733       0.0000          136          228            3            0  714588.9099  187378.4176   19739.7180       0.0000            0            0            0            0       0.0000       0.0000       0.0000       0.0000
                         90000            0            0            0            0       0.0000       0.0000       0.0000       0.0000            0            0            0            0       0.0000       0.0000       0.0000       0.0000          466         1013          349            0  497981.1081  122957.5794  433977.1884       0.0000          482          941          142            0  873527.1877  221229.2465  299631.8592       0.0000          429          868           56            0 1117685.9461  274009.5614  168566.2733       0.0000          348          741           29            0 1148223.1052  277325.9409  115673.4926       0.0000          278          517           16            0 1094083.8410  269213.3582   74366.7799       0.0000          221          418            8            0  988886.1582  234694.5194   42393.4852       0.0000          174          320            4            0  850985.5263  197221.7048   23285.6733       0.0000          136          243            3            0  714593.1123  188604.9694   19739.7180       0.0000            0            0            0            0       0.0000       0.0000       0.0000       0.0000
                         93600            0            0            0            0       0.0000       0.0000       0.0000       0.0000            0            0            0            0       0.0000       0.0000       0.0000       0.0000          466         1013          349            0  498020.1108  123971.1860  433977.1884       0.0000          482          941          142            0  873567.5597  222814.9869  299631.8592       0.0000          429          868           56            0 1117739.4632  277204.3584  168566.2733       0.0000          348          741           29            0 1148254.5941  279988.5727  115673.4926       0.0000          278          517           16            0 1094102.7252  271476.9056   74366.7799       0.0000          221          418            8            0  988896.7602  236366.7563   42393.4852       0.0000          174          320            4            0  850996.6001  199491.8534   23285.6733       0.0000          136          243            3            0  714597.3547  189872.4338   19739.7180       0.0000            0            0            0            0       0.0000       0.0000       0.0000       0.0000
                         97200            0            0            0            0       0.0000       0.0000       0.0000       0.0000            0            0            0            0       0.0000       0.0000       0.0000       0.0000          471         1063          360            0  498227.8143  124547.3743  447783.0947       0.0000          477         1005          147            0  864291.2884  221907.6972  311162.3063       0.0000          426          931           59            0 1110354.6611  277122.8659  177369.2781       0.0000          345          789           32            0 1138528.1575  279404.5052  127349.6602       0.0000          277          552           17            0 1090360.5632  273394.7328   79329.8753       0.0000          221          444            8            0  988911.4083  238689.7614   42393.4852       0.0000          174          345            4            0  851004.0171  201116.8429   23285.6733       0.0000          136          261            3            0  714599.0677  190369.2029   19739.7180       0.0000            0            0            0            0       0.0000       0.0000       0.0000       0.0000
                        100800            0            0            0            0       0.0000       0.0000       0.0000       0.0000            0            0            0            0       0.0000       0.0000       0.0000       0.0000          471         1063          360            0  498276.6663  125826.8797  447783.0947       0.0000          477         1005          147            0  864346.9740  224090.5333  311162.3063       0.0000          426          931           59            0 1110397.7928  279679.4928  177369.2781       0.0000          345          789           32            0 1138552.6449  281370.6613  127349.6602       0.0000          277          552           17            0 1090388.1116  276434.2667   79329.8753       0.0000          221          444            8            0  988917.8320  239739.9322   42393.4852       0.0000          174          345            4            0  851012.3469  203005.9430   23285.6733       0.0000          136          261            3            0  714603.4361  191584.3792   19739.7180       0.0000            0            0            0            0       0.0000       0.0000       0.0000       0.0000
                        104400            0            0            0            0       0.0000       0.0000       0.0000       0.0000            0            0            0            0       0.0000       0.0000       0.0000       0.0000          457         1110          374            0  482532.8278  123040.8233  467406.2726       0.0000          464         1066          160            0  842047.1385  219394.2449  339314.9111       0.0000          420          999           65            0 1094517.1185  276819.9507  198078.4326       0.0000          344          835           33            0 1135032.8752  281869.3406  131916.3038       0.0000          277          585           17            0 1090413.7916  279367.6842   79329.8753       0.0000          219          465           10            0  979974.0840  239864.4432   53498.6010       0.0000          174          368            4            0  851019.9572  204614.8233   23285.6733       0.0000          136          274            3            0  714610.4575  193500.6591   19739.7180       0.0000            0            0            0            0       0.0000       0.0000       0.0000       0.0000
                        108000            0            0            0            0       0.0000       0.0000       0.0000       0.0000            0            0            0            0       0.0000       0.0000       0.0000       0.0000          473         1110          374            0  494026.9581  125869.4535  467406.2726       0.0000          464         1066          160            0  842081.1852  220702.6047  339314.9111       0.0000          420          999           65            0 1094558.2428  279261.8094  198078.4326       0.0000          344          835           33            0 1135053.2865  283529.2406  131916.3038       0.0000          277          585           17            0 1090437.6143  282174.6041   79329.8753       0.0000          219          465           10            0  979983.6954  241195.6721   53498.6010       0.0000          174          368            4            0  851025.4811  205731.8910   23285.6733       0.0000          136          274            3            0  714612.2642  193994.8364   19739.7180       0.0000            0            0            0            0       0.0000       0.0000       0.0000       0.0000
                        111600            0            0            0            0       0.0000       0.0000       0.0000       0.0000            0            0            0            0       0.0000       0.0000       0.0000       0.0000          489         1110          374            0  505526.7997  129243.8835  467406.2726       0.0000          464         1066          160            0  842120.0787  222147.7290  339314.9111       0.0000          420          999           65            0 1094589.3036  281093.8880  198078.4326       0.0000          344          835           33            0 1135073.3291  285269.6476  131916.3038       0.0000          277          585           17            0 1090456.6505  284409.1600   79329.8753       0.0000          219          465           10            0  979995.4743  243056.8316   53498.6010       0.0000          174          368            4            0  851034.9486  207837.6389   23285.6733       0.0000          136          274            3            0  714615.9123  194700.6848   19739.7180       0.0000            0            0            0            0       0.0000       0.0000       0.0000       0.0000
                        115200            0            0            0            0       0.0000       0.0000       0.0000       0.0000            0            0            0            0       0.0000       0.0000       0.0000       0.0000          492         1164          395            0  500588.9746  127098.0587  496170.5950       0.0000          458         1123          166            0  831071.0564  220906.3676  353179.0928       0.0000          418         1062           67            0 1089720.0362  282253.2939  203866.0443       0.0000          339          869           38            0 1118063.7986  282662.0232  153627.8141       0.0000          275          644           19            0 1082632.5563  283866.5188   88940.4463       0.0000          219          487           10            0  980009.9711  245278.2323   53498.6010       0.0000          173          392            5            0  846015.7451  208364.3714   28916.3498       0.0000          136          285            3            0  714619.2737  195655.8421   19739.7180       0.0000            0            0            0            0       0.0000       0.0000       0.0000       0.0000
                        118800            0            0            0            0       0.0000       0.0000       0.0000       0.0000            0            0            0            0       0.0000       0.0000       0.0000       0.0000          516         1164          395            0  517822.4447  131236.6110  496170.5950       0.0000          458         1123          166            0  831122.1613  222928.5344  353179.0928       0.0000          418         1062           67            0 1089753.0246  284149.1829  203866.0443       0.0000          339          869           38            0 1118097.0533  285491.2827  153627.8141       0.0000          274          644           19            0 1078439.4462  285578.7113   88940.4463       0.0000          220          487           10            0  984233.7372  247668.4152   53498.6010       0.0000          173          392            5            0  846022.0196  209740.4934   28916.3498       0.0000          136          285            3            0  714625.3788  197395.7664   19739.7180       0.0000            0            0            0            0       0.0000       0.0000       0.0000       0.0000
                        122400            0            0            0            0       0.0000       0.0000       0.0000       0.0000            0            0            0            0       0.0000       0.0000       0.0000       0.0000          508         1204          411            0  505978.3045  128047.4629  519080.8001       0.0000          454         1165          170            0  823923.4658  222231.8974  362369.8510       0.0000          418         1113           67            0 1089798.8329  286803.6177  203866.0443       0.0000          335          900           42            0 1104379.2563  285176.3202  170367.3448       0.0000          273          682           20            0 1074814.1765  286123.0391   93502.0214       0.0000          215          508           15            0  961517.8472  243972.1008   81378.7196       0.0000          172          412            6            0  841023.8893  210295.0690   34490.9225       0.0000          136          304            3            0  714632.2809  199309.7716   19739.7180       0.0000            0            0            0            0       0.0000       0.0000       0.0000       0.0000
                        126000            0            0            0            0       0.0000       0.0000       0.0000       0.0000            0            0            0            0       0.0000       0.0000       0.0000       0.0000          508         1204          411            0  506012.6963  128866.6649  519080.8001       0.0000          454         1165          170            0  823957.4581  223541.1061  362369.8510       0.0000          418         1113           67            0 1089833.9215  288853.2576  203866.0443       0.0000          335          900           42            0 1104412.3114  287967.5526  170367.3448       0.0000          273          682           20            0 1074826.5280  287614.0999   93502.0214       0.0000          215          508           15            0  961529.8964  245787.3789   81378.7196       0.0000          172          412            6            0  841030.6052  211665.5347   34490.9225       0.0000          136          304            3            0  714635.5600  200259.8863   19739.7180       0.0000            0            0            0            0       0.0000       0.0000       0.0000       0.0000
                        129600            0            0            0            0       0.0000       0.0000       0.0000       0.0000            0            0            0            0       0.0000       0.0000       0.0000       0.0000          516         1204          411            0  511776.0166  130744.8453  519080.8001       0.0000          454         1165          170            0  824019.2021  226010.1814  362369.8510       0.0000          418         1113           67            0 1089881.3255  291633.0748  203866.0443       0.0000          335          900           42            0 1104436.3820  289942.4309  170367.3448       0.0000          273          682           20            0 1074847.3163  289955.2783   93502.0214       0.0000          215          508           15            0  961548.3202  248736.1427   81378.7196       0.0000          172          412            6            0  841037.9980  213280.2779   34490.9225       0.0000          136          304            3            0  714640.7900  201758.0960   19739.7180       0.0000            0            0            0            0       0.0000       0.0000       0.0000       0.0000
                        133200            0            0            0            0       0.0000       0.0000       0.0000       0.0000            0            0            0            0       0.0000       0.0000       0.0000       0.0000          549         1250          425            1  531362.5793  133662.0547  536948.8527     731.5447          440         1213          184            0  800264.1258  221050.0238  393346.7583       0.0000          413         1163           72            0 1077627.7715  290574.2703  219087.3248       0.0000          334          939           43            0 1101320.5054  290402.2359  174835.4564       0.0000          272          710           21            0 1070886.3880  290673.9624   98561.6212       0.0000          215          529           15            0  961559.8342  250570.1429   81378.7196       0.0000          171          422            7            0  836006.9453  214880.6854   40430.5042       0.0000          136          321            3            0  714645.0356  202942.6046   19739.7180       0.0000            0            0            0            0       0.0000       0.0000       0.0000       0.0000
                        136800            0            0            0            0       0.0000       0.0000       0.0000       0.0000            0            0            0            0       0.0000       0.0000       0.0000       0.0000          581         1250          425            1  554332.8271  139522.7179  536948.8527     731.5447          440         1213          184            0  800313.0423  222915.3802  393346.7583       0.0000          413         1163           72            0 1077654.4446  292179.3012  219087.3248       0.0000          334          939           43            0 1101350.6930  292770.8256  174835.4564       0.0000          272          710           21            0 1070897.5673  291938.5714   98561.6212       0.0000          215          529           15            0  961577.1059  253283.7568   81378.7196       0.0000          171          422            7            0  836009.2207  215315.0658   40430.5042       0.0000          136          321            3            0  714651.8911  204802.5351   19739.7180       0.0000            0            0            0            0       0.0000       0.0000       0.0000       0.0000
                        140400            0            0            0            0       0.0000       0.0000       0.0000       0.0000            0            0            0            0       0.0000       0.0000       0.0000       0.0000          602         1290          436            1  566102.6249  141879.3033  551607.7071     731.5447          434         1267          190            0  789210.9604  221985.2418  407801.9733       0.0000          409         1205           76            0 1066808.9163  291122.3495  233178.8863       0.0000          333          980           44            0 1098412.2839  294001.4820  178926.1056       0.0000          269          736           24            0 1059282.5150  290064.9891  114416.1119       0.0000          215          560           15            0  961595.5598  256183.9076   81378.7196       0.0000          171          442            7            0  836018.9583  217347.6028   40430.5042       0.0000          136          338            3            0  714653.5970  205306.0973   19739.7180       0.0000            0            0            0            0       0.0000       0.0000       0.0000       0.0000
                        144000            0            0            0            0       0.0000       0.0000       0.0000       0.0000            0            0            0            0       0.0000       0.0000       0.0000       0.0000          618         1290          436            1  577601.9770  145792.1567  551607.7071     731.5447          434         1267          190            0  789249.1508  223425.9135  407801.9733       0.0000          409         1205           76            0 1066837.8903  292772.5809  233178.8863       0.0000          333          980           44            0 1098438.3366  296149.8402  178926.1056       0.0000          269          736           24            0 1059298.7441  291847.4217  114416.1119       0.0000          215          560           15            0  961610.7139  258397.6631   81378.7196       0.0000          171          442            7            0  836028.5940  219404.4735   40430.5042       0.0000          136          338            3            0  714658.6058  206782.0784   19739.7180       0.0000            0            0            0            0       0.0000       0.0000       0.0000       0.0000
                        147600            0            0            0            0       0.0000       0.0000       0.0000       0.0000            0            0            0            0       0.0000       0.0000       0.0000       0.0000          639         1334          447            1  588458.8562  148284.8506  567132.5247     731.5447          434         1319          190            0  789283.1359  224763.4259  407801.9733       0.0000          404         1248           81            0 1053880.8307  290920.5992  249511.4738       0.0000          333         1018           44            0 1098471.9798  298912.0345  178926.1056       0.0000          268          753           25            0 1055634.6678  293219.1019  118767.8744       0.0000          215          593           15            0  961622.3925  260255.8400   81378.7196       0.0000          169          458            8            0  826173.1996  217441.8032   47308.1501       0.0000          137          347            3            0  719754.7938  210089.8094   19739.7180       0.0000            0            0            0            0       0.0000       0.0000       0.0000       0.0000
                        151200            0            0            0            0       0.0000       0.0000       0.0000       0.0000            0            0            0            0       0.0000       0.0000       0.0000       0.0000          639         1334          447            1  588497.2577  149157.5397  567132.5247     731.5447          434         1319          190            0  789323.4084  226373.7341  407801.9733       0.0000          404         1248           81            0 1053920.1548  293154.2961  249511.4738       0.0000          333         1018           44            0 1098490.6143  300425.3034  178926.1056       0.0000          268          753           25            0 1055653.7616  295408.0473  118767.8744       0.0000          215          593           15            0  961636.0591  262335.4736   81378.7196       0.0000          169          458            8            0  826179.8839  218780.4145   47308.1501       0.0000          136          347            3            0  714355.3999  210546.7466   19739.7180       0.0000            1            0            0            0    5406.1166    1548.8105       0.0000       0.0000
                        154800            0            0            0            0       0.0000       0.0000       0.0000       0.0000            0            0            0            0       0.0000       0.0000       0.0000       0.0000          655         1334          447            1  599994.7937  152976.4345  567132.5247     731.5447          434         1319          190            0  789357.4475  227659.4726  407801.9733       0.0000          404         1248           81            0 1053950.9568  294974.1346  249511.4738       0.0000          333         1018           44            0 1098518.3427  302776.3744  178926.1056       0.0000          268          753           25            0 1055671.4326  297369.6420  118767.8744       0.0000          215          593           15            0  961643.5905  263586.6858   81378.7196       0.0000          169          458            8            0  826187.1735  220384.7009   47308.1501       0.0000          136          347            3            0  714365.0198  213204.2589   19739.7180       0.0000            1            0            0            0    5406.1166    1548.8105       0.0000       0.0000
                        158400            0            0            0            0       0.0000       0.0000       0.0000       0.0000            0            0            0            0       0.0000       0.0000       0.0000       0.0000          662         1383          456            1  601060.5067  152573.4606  580686.5667     731.5447          431         1371          193            0  784283.5132  227851.8938  414053.6945       0.0000          402         1285           83            0 1049081.9299  294682.0256  256276.1688       0.0000          333         1053           44            0 1098540.4488  304645.0366  178926.1056       0.0000          268          793           25            0 1055690.5456  299558.3343  118767.8744       0.0000          213          609           16            0  952269.6116  262093.9006   86954.9622       0.0000          170          479            8            0  830892.6909  224098.3948   47308.1501       0.0000          136          362            3            0  714372.8804  215275.2040   19739.7180       0.0000            1            0            0            0    5406.1166    1548.8105       0.0000       0.0000
                        162000            0            0            0            0       0.0000       0.0000       0.0000       0.0000            0            0            0            0       0.0000       0.0000       0.0000       0.0000          686         1383          456            1  618270.7002  155594.7188  580686.5667     731.5447          431         1371          193            0  784332.4578  229778.6857  414053.6945       0.0000          402         1285           83            0 1049120.9694  296972.5332  256276.1688       0.0000          333         1053           44            0 1098566.7443  306767.1542  178926.1056       0.0000          268          793           25            0 1055700.2449  300596.3511  118767.8744       0.0000          213          609           16            0  952280.4643  263722.7251   86954.9622       0.0000          170          479            8            0  830899.1067  225498.7203   47308.1501       0.0000          136          362            3            0  714377.3552  216525.7747   19739.7180       0.0000            1            0            0            0    5406.1166    1548.8105       0.0000       0.0000
                        165600            0            0            0            0       0.0000       0.0000       0.0000       0.0000            0            0            0            0       0.0000       0.0000       0.0000       0.0000          680         1425          470            1  609063.2806  152686.0890  600425.5765     731.5447          425         1428          199            0  774452.1873  229065.2714  425962.7947       0.0000          397         1337           88            0 1035553.6976  297364.8258  272547.3418       0.0000          333         1105           44            0 1098600.0105  309520.7583  178926.1056       0.0000          268          825           25            0 1055722.4959  303163.5277  118767.8744       0.0000          212          632           17            0  948005.5231  264654.7065   92141.2886       0.0000          170          498            8            0  830904.9637  226648.8777   47308.1501       0.0000          136          391            3            0  714381.6757  217711.2752   19739.7180       0.0000            1            1            0            0    5406.1166    1548.8105       0.0000       0.0000
                        169200            0            0            0            0       0.0000       0.0000       0.0000       0.0000            0            0            0            0       0.0000       0.0000       0.0000       0.0000          704         1425          470            1  626284.1591  156804.9278  600425.5765     731.5447          425         1428          199            0  774498.9482  230950.7228  425962.7947       0.0000          397         1337           88            0 1035584.2354  299201.8850  272547.3418       0.0000          333         1105           44            0 1098626.4591  311616.4336  178926.1056       0.0000          268          825           25            0 1055744.7698  305711.5354  118767.8744       0.0000          212          632           17            0  948014.6295  266162.6543   92141.2886       0.0000          170          498            8            0  830911.5235  228003.6309   47308.1501       0.0000          136          391            3            0  714385.9153  218902.0802   19739.7180       0.0000            1            1            0            0    5406.1166    1548.8105       0.0000       0.0000
                        172800            0            0            0            0       0.0000       0.0000       0.0000       0.0000            0            0            0            0       0.0000       0.0000       0.0000       0.0000          704         1425          470            1  626318.0154  157689.7177  600425.5765     731.5447          425         1428          199            0  774528.7566  232209.3053  425962.7947       0.0000          397         1337           88            0 1035629.4318  301816.3483  272547.3418       0.0000          333         1105           44            0 1098656.5157  313975.2285  178926.1056       0.0000          268          825           25            0 1055754.4178  306758.4998  118767.8744       0.0000          211          632           17            0  943327.0005  266227.2663   92141.2886       0.0000          171          498            8            0  835621.4290  232132.0763   47308.1501       0.0000          136          391            3            0  714390.3215  219872.7316   19739.7180       0.0000            1            1            0            0    5406.1166    1548.8105       0.0000       0.0000
                        176400            0            0            0            0       0.0000       0.0000       0.0000       0.0000            0            0            0            0       0.0000       0.0000       0.0000       0.0000          705         1441          493            1  620483.5545  156794.9966  629171.2358     731.5447          416         1485          208            0  759160.3150  229728.9778  445032.7397       0.0000          393         1373           92            0 1026000.1970  301190.2480  284903.0233       0.0000          331         1141           46            0 1091870.7108  314575.2295  187475.6696       0.0000          267          854           26            0 1052076.8451  306958.1843  124138.7946       0.0000          209          647           19            0  934739.1532  264555.2102  104131.9122       0.0000          171          520            8            0  835628.1845  233460.6470   47308.1501       0.0000          136          407            3            0  714394.5212  220993.8941   19739.7180       0.0000            1            1            0            0    5406.1166    1548.8105       0.0000       0.0000
                        180000            0            0            0            0       0.0000       0.0000       0.0000       0.0000            0            0            0            0       0.0000       0.0000       0.0000       0.0000          713         1441          493            1  626243.2706  158764.8698  629171.2358     731.5447          416         1485          208            0  759198.5529  231220.8520  445032.7397       0.0000          393         1373           92            0 1026047.3852  303933.3252  284903.0233       0.0000          331         1141           46            0 1091902.1883  317146.2080  187475.6696       0.0000          267          854           26            0 1052095.7204  309119.0088  124138.7946       0.0000          209          647           19            0  934749.6633  266189.7078  104131.9122       0.0000          171          520            8            0  835639.2519  235570.6393   47308.1501       0.0000          136          407            3            0  714398.7235  222237.0653   19739.7180       0.0000            1            1            0            0    5406.1166    1548.8105       0.0000       0.0000
                        183600            0            0            0            0       0.0000       0.0000       0.0000       0.0000            0            0            0            0       0.0000       0.0000       0.0000       0.0000          732         1471          498            1  637234.1855  161346.3456  637085.7268     731.5447          413         1527          211            0  753467.6271  231112.6500  451873.7073       0.0000          390         1431           95            0 1018600.9835  302999.7614  294584.9168       0.0000          330         1179           47            0 1088313.5930  317527.7321  191750.1453       0.0000          266          897           27            0 1048064.7223  311039.6250  129360.1646       0.0000          207          679           21            0  925807.5332  266034.5588  115229.9645       0.0000          171          542            8            0  835646.6644  237179.2269   47308.1501       0.0000          136          424            3            0  714400.4355  222725.1032   19739.7180       0.0000            1            1            0            0    5406.1166    1548.8105       0.0000       0.0000
                        187200            0            0            0            0       0.0000       0.0000       0.0000       0.0000            0            0            0            0       0.0000       0.0000       0.0000       0.0000          763         1471          498            2  659475.8156  166596.7478  637085.7268    1461.7841          413         1527          211            0  753512.3397  232897.5118  451873.7073       0.0000          390         1431           95            0 1018642.0230  305247.0812  294584.9168       0.0000          330         1179           47            0 1088336.1543  319259.4915  191750.1453       0.0000          266          897           27            0 1048092.2581  314057.8988  129360.1646       0.0000          207          679           21            0  925813.9534  267079.1114  115229.9645       0.0000          171          542            8            0  835653.9836  238778.8280   47308.1501       0.0000          136          424            3            0  714404.8011  223793.5092   19739.7180       0.0000            1            1            0            0    5406.1166    1548.8105       0.0000       0.0000
                        190800            0            0            0            0       0.0000       0.0000       0.0000       0.0000            0            0            0            0       0.0000       0.0000       0.0000       0.0000          765         1507          519            3  654045.9326  164842.7259  664917.6222    2191.3755          406         1572          218            0  741550.7860  229633.6978  468153.4451       0.0000          387         1481           98            0 1011449.0054  305202.1343  303767.0396       0.0000          329         1215           48            0 1085142.6585  319734.7505  195816.9800       0.0000          262          935           31            0 1032910.6109  312663.6666  148840.1675       0.0000          207          711           21            0  925828.5542  269172.6756  115229.9645       0.0000          171          567            8            0  835661.5893  240274.8120   47308.1501       0.0000          136          439            3            0  714411.8181  225375.5467   19739.7180       0.0000            1            1            0            0    5406.1166    1548.8105       0.0000       0.0000
                        194400            0            0            0            0       0.0000       0.0000       0.0000       0.0000            0            0            0            0       0.0000       0.0000       0.0000       0.0000          773         1507          519            3  659797.5942  166272.2340  664917.6222    2191.3755          406         1572          218            0  741584.8350  230719.5816  468153.4451       0.0000          387         1481           98            0 1011488.0654  307304.9759  303767.0396       0.0000          329         1215           48            0 1085163.0623  321242.2060  195816.9800       0.0000          262          935           31            0 1032932.9274  315199.6064  148840.1675       0.0000          207          711           21            0  925840.2823  270839.8184  115229.9645       0.0000          171          567            8            0  835667.1101  241238.7059   47308.1501       0.0000          136          439            3            0  714413.6237  225753.0654   19739.7180       0.0000            1            1            0            0    5406.1166    1548.8105       0.0000       0.0000
                        198000            0            0            0            0       0.0000       0.0000       0.0000       0.0000            0            0            0            0       0.0000       0.0000       0.0000       0.0000          804         1507          519            4  682035.8984  172376.0510  664917.6222    2919.8671          406         1572          218            0  741621.0234  232016.5023  468153.4451       0.0000          387         1481           98            0 1011519.1203  309097.8459  303767.0396       0.0000          329         1215           48            0 1085183.0973  322921.0390  195816.9800       0.0000          262          935           31            0 1032951.9547  317165.5094  148840.1675       0.0000          207          711           21            0  925850.8550  272271.9242  115229.9645       0.0000          171          567            8            0  835675.5533  242898.6758   47308.1501       0.0000          136          439            3            0  714417.2695  226699.6743   19739.7180       0.0000            1            1            0            0    5406.1166    1548.8105       0.0000       0.0000
                        201600            0            0            0            0       0.0000       0.0000       0.0000       0.0000            0            0            0            0       0.0000       0.0000       0.0000       0.0000          812         1535          534            4  682254.3883  171996.9087  685545.8813    2919.8671          399         1613          226            0  728697.1026  229799.3059  486321.9258       0.0000          386         1537           99            0 1008956.8410  310116.7899  306750.7621       0.0000          328         1244           49            0 1081808.4507  324315.5794  199843.2462       0.0000          262          965           31            0 1032963.2877  318343.8004  148840.1675       0.0000          206          731           22            0  921174.2566  272116.0600  121603.7146       0.0000          171          586            8            0  835681.1985  243834.0137   47308.1501       0.0000          136          447            3            0  714420.6287  227543.1371   19739.7180       0.0000            1            1            0            0    5406.1166    1548.8105       0.0000       0.0000
                        205200            0            0            0            0       0.0000       0.0000       0.0000       0.0000            0            0            0            0       0.0000       0.0000       0.0000       0.0000          836         1535          534            4  699479.7230  175932.3336  685545.8813    2919.8671          399         1613          226            0  728737.6208  231396.8159  486321.9258       0.0000          386         1537           99            0 1008989.8229  311928.8532  306750.7621       0.0000          328         1244           49            0 1081838.0629  326749.1686  199843.2462       0.0000          262          965           31            0 1032980.9265  320329.2363  148840.1675       0.0000          206          731           22            0  921184.6855  273625.4271  121603.7146       0.0000          171          586            8            0  835687.4692  244952.7958   47308.1501       0.0000          136          447            3            0  714426.7300  229031.6695   19739.7180       0.0000            1            1            0            0    5406.1166    1548.8105       0.0000       0.0000
                        208800            0            0            0            0       0.0000       0.0000       0.0000       0.0000            0            0            0            0       0.0000       0.0000       0.0000       0.0000          823         1558          555            4  682416.2891  170081.6885  716598.6530    2919.8671          394         1656          231            0  720724.5182  229927.0089  496868.9590       0.0000          380         1590          104            0  993880.3201  309516.2068  322482.7281       0.0000          323         1284           55            0 1064964.8789  324971.1510  224981.8164       0.0000          259         1008           34            0 1020898.4197  318301.9291  164383.6363       0.0000          204          751           24            0  912614.2957  273110.5398  132155.3780       0.0000          170          605            9            0  830744.1049  244818.1136   53294.3081       0.0000          136          461            3            0  714433.6278  230548.7164   19739.7180       0.0000            1            1            0            0    5406.1166    1548.8105       0.0000       0.0000
                        212400            0            0            0            0       0.0000       0.0000       0.0000       0.0000            0            0            0            0       0.0000       0.0000       0.0000       0.0000          838         1558          555            5  693188.8181  173392.4527  716598.6530    3647.8168          394         1656          231            0  720754.3206  230997.9820  496868.9590       0.0000          380         1590          104            0  993911.1714  311275.7178  322482.7281       0.0000          323         1284           55            0 1064997.9218  327605.1742  224981.8164       0.0000          259         1008           34            0 1020910.7652  319487.2998  164383.6363       0.0000          204          751           24            0  912626.3384  274545.6277  132155.3780       0.0000          170          605            9            0  830750.8168  246088.9951   53294.3081       0.0000          136          461            3            0  714438.5854  231602.5886   19739.7180       0.0000            1            1            0            0    5406.1166    1548.8105       0.0000       0.0000
                        216000            0            0            0            0       0.0000       0.0000       0.0000       0.0000            0            0            0            0       0.0000       0.0000       0.0000       0.0000          878         1558          555            5  721870.5651  180170.2153  716598.6530    3647.8168          394         1656          231            0  720811.8352  233015.1019  496868.9590       0.0000          380         1590          104            0  993952.4259  313636.5252  322482.7281       0.0000          323         1284           55            0 1065021.9836  329369.8251  224981.8164       0.0000          259         1008           34            0 1020931.5438  321687.9086  164383.6363       0.0000          203          751           24            0  907946.4867  275039.4348  132155.3780       0.0000          171          605            9            0  835455.0690  249591.1110   53294.3081       0.0000          136          461            3            0  714443.8122  232905.8689   19739.7180       0.0000            1            1            0            0    5406.1166    1548.8105       0.0000       0.0000
                        219600            0            0            0            0       0.0000       0.0000       0.0000       0.0000            0            0            0            0       0.0000       0.0000       0.0000       0.0000          869         1582          571            6  711407.7049  177002.2143  736632.5389    4378.5581          390         1700          235            0  714075.9474  232368.3231  505776.6189       0.0000          374         1647          110            0  978815.9009  310580.0882  342172.7661       0.0000          322         1322           56            0 1061843.1588  329937.6708  229245.2603       0.0000          259         1038           34            0 1020945.7958  323165.1879  164383.6363       0.0000          202          777           25            0  903692.2492  275400.7608  137607.6252       0.0000          171          616            9            0  835466.8710  251661.4586   53294.3081       0.0000          135          476            4            0  709130.2282  232771.1428   26076.4077       0.0000            1            1            0            0    5406.1166    1548.8105       0.0000       0.0000
                        223200            0            0            0            0       0.0000       0.0000       0.0000       0.0000            0            0            0            0       0.0000       0.0000       0.0000       0.0000          877         1582          571            6  717166.0039  178737.8476  736632.5389    4378.5581          390         1700          235            0  714122.7645  234002.7148  505776.6189       0.0000          374         1647          110            0  978838.4230  311819.0982  342172.7661       0.0000          322         1322           56            0 1061871.3653  332027.7234  229245.2603       0.0000          259         1038           34            0 1020955.2411  324251.9329  164383.6363       0.0000          202          777           25            0  903709.5115  277389.3359  137607.6252       0.0000          171          616            9            0  835469.1451  252095.2377   53294.3081       0.0000          135          476            4            0  709136.2123  233934.1693   26076.4077       0.0000            1            1            0            0    5406.1166    1548.8105       0.0000       0.0000
