BioMASSver                             0.22
date                             2023/05/16
hour                               13:03:38
biomass.model.taxonomy.Plant2 
Generic                       
Plant                         
longevity                             36499
linf                                 0.0000
t0                                   0.0000
k                                    0.5000
a                                    0.0000
b                                    0.0000
newborn_orgs                            400
pop_deathrate                        0.0007
rep_cycle                             18250
age_classes                               2
                         steps       orgs00        hid00     killed00    starved00   leanmass00    fatmass00   killmass00  starvemas00       orgs01        hid01     killed01    starved01   leanmass01    fatmass01   killmass01  starvemas01
                             0          400            0            0            0  178023.5837   83775.8041       0.0000       0.0000            0            0            0            0       0.0000       0.0000       0.0000       0.0000
                          3600          400            0            0            0   24318.8251   11444.1530  235242.5761       0.0000            0            0            0            0       0.0000       0.0000       0.0000       0.0000
                          7200          400            0            0            0   30966.5661   14572.5017  235242.5761       0.0000            0            0            0            0       0.0000       0.0000       0.0000       0.0000
                         10800          400            0            0            0   30489.9484   14348.2110  518295.4677       0.0000            0            0            0            0       0.0000       0.0000       0.0000       0.0000
                         14400          400            0            0            0   36794.1104   17314.8755  518295.4677       0.0000            0            0            0            0       0.0000       0.0000       0.0000       0.0000
                         18000          400            0            0            0   48063.9202   22618.3154  915893.7888       0.0000            0            0            0            0       0.0000       0.0000       0.0000       0.0000
                         21600          400            0            0            0   52509.6686   24710.4323  915893.7888       0.0000            0            0            0            0       0.0000       0.0000       0.0000       0.0000
                         25200          400            0            0            0   59941.2779   28207.6602  915893.7888       0.0000            0            0            0            0       0.0000       0.0000       0.0000       0.0000
                         28800          400            0            0            0   67457.3587   31744.6394 1196494.9094       0.0000            0            0            0            0       0.0000       0.0000       0.0000       0.0000
                         32400          400            0            0            0   73111.3598   34405.3458 1196494.9094       0.0000            0            0            0            0       0.0000       0.0000       0.0000       0.0000
                         36000          400            0            0            0   80413.8403   37841.8072 1372280.4301       0.0000            0            0            0            0       0.0000       0.0000       0.0000       0.0000
                         39600          400            0            0            0   84682.8232   39850.7403 1372280.4301       0.0000            0            0            0            0       0.0000       0.0000       0.0000       0.0000
                         43200          400            0            0            0   91088.7075   42865.2741 1372280.4301       0.0000            0            0            0            0       0.0000       0.0000       0.0000       0.0000
                         46800          400            0            0            0   99774.5657   46952.7368 1504539.6406       0.0000            0            0            0            0       0.0000       0.0000       0.0000       0.0000
                         50400          400            0            0            0  108313.5156   50971.0662 1504539.6406       0.0000            0            0            0            0       0.0000       0.0000       0.0000       0.0000
                         54000          400            0            0            0  115295.9003   54256.8943 1631920.2786       0.0000            0            0            0            0       0.0000       0.0000       0.0000       0.0000
                         57600          400            0            0            0  120976.0186   56929.8911 1631920.2786       0.0000            0            0            0            0       0.0000       0.0000       0.0000       0.0000
                         61200          400            0            0            0  130965.1437   61630.6558 1763838.9141       0.0000            0            0            0            0       0.0000       0.0000       0.0000       0.0000
                         64800          400            0            0            0  135084.1714   63569.0218 1763838.9141       0.0000            0            0            0            0       0.0000       0.0000       0.0000       0.0000
                         68400          400            0            0            0  140734.9713   66228.2218 1763838.9141       0.0000            0            0            0            0       0.0000       0.0000       0.0000       0.0000
                         72000          400            0            0            0  148123.6612   69705.2523 1876806.0816       0.0000            0            0            0            0       0.0000       0.0000       0.0000       0.0000
                         75600          400            0            0            0  154565.8962   72736.8923 1876806.0816       0.0000            0            0            0            0       0.0000       0.0000       0.0000       0.0000
                         79200          400            0            0            0  166003.6685   78119.3734 1988186.8122       0.0000            0            0            0            0       0.0000       0.0000       0.0000       0.0000
                         82800          400            0            0            0  169615.1917   79818.9137 1988186.8122       0.0000            0            0            0            0       0.0000       0.0000       0.0000       0.0000
                         86400          400            0            0            0  175637.1462   82652.7747 1988186.8122       0.0000            0            0            0            0       0.0000       0.0000       0.0000       0.0000
                         90000          400            0            0            0  178022.8088   83775.4394 2118168.7174       0.0000            0            0            0            0       0.0000       0.0000       0.0000       0.0000
                         93600          400            0            0            0  178023.5830   83775.8037 2118168.7174       0.0000            0            0            0            0       0.0000       0.0000       0.0000       0.0000
                         97200          400            0            0            0  178014.3578   83771.4625 2231179.7903       0.0000            0            0            0            0       0.0000       0.0000       0.0000       0.0000
                        100800          400            0            0            0  178023.5752   83775.8001 2231179.7903       0.0000            0            0            0            0       0.0000       0.0000       0.0000       0.0000
                        104400          400            0            0            0  177880.0510   83708.2593 2337649.2565       0.0000            0            0            0            0       0.0000       0.0000       0.0000       0.0000
                        108000          400            0            0            0  178023.4558   83775.7439 2337649.2565       0.0000            0            0            0            0       0.0000       0.0000       0.0000       0.0000
                        111600          400            0            0            0  178023.5836   83775.8041 2337649.2565       0.0000            0            0            0            0       0.0000       0.0000       0.0000       0.0000
                        115200          400            0            0            0  178021.7209   83774.9275 2448850.7814       0.0000            0            0            0            0       0.0000       0.0000       0.0000       0.0000
                        118800          400            0            0            0  178023.5819   83775.8033 2448850.7814       0.0000            0            0            0            0       0.0000       0.0000       0.0000       0.0000
                        122400          400            0            0            0  178000.8922   83765.1257 2556782.7961       0.0000            0            0            0            0       0.0000       0.0000       0.0000       0.0000
                        126000          400            0            0            0  178023.5642   83775.7949 2556782.7961       0.0000            0            0            0            0       0.0000       0.0000       0.0000       0.0000
                        129600          400            0            0            0  178023.5837   83775.8041 2556782.7961       0.0000            0            0            0            0       0.0000       0.0000       0.0000       0.0000
                        133200          400            0            0            0  178023.3267   83775.6831 2670011.5238       0.0000            0            0            0            0       0.0000       0.0000       0.0000       0.0000
                        136800          400            0            0            0  178023.5835   83775.8040 2670011.5238       0.0000            0            0            0            0       0.0000       0.0000       0.0000       0.0000
                        140400          400            0            0            0  178019.5730   83773.9167 2775722.7053       0.0000            0            0            0            0       0.0000       0.0000       0.0000       0.0000
                        144000          400            0            0            0  178023.5802   83775.8025 2775722.7053       0.0000            0            0            0            0       0.0000       0.0000       0.0000       0.0000
                        147600          400            0            0            0  177950.2802   83741.3083 2880947.7587       0.0000            0            0            0            0       0.0000       0.0000       0.0000       0.0000
                        151200          400            0            0            0  178023.5556   83775.7909 2880947.7587       0.0000            0            0            0            0       0.0000       0.0000       0.0000       0.0000
                        154800          400            0            0            0  178023.5837   83775.8041 2880947.7587       0.0000            0            0            0            0       0.0000       0.0000       0.0000       0.0000
                        158400          400            0            0            0  178023.2395   83775.6421 2979871.3728       0.0000            0            0            0            0       0.0000       0.0000       0.0000       0.0000
                        162000          400            0            0            0  178023.5834   83775.8040 2979871.3728       0.0000            0            0            0            0       0.0000       0.0000       0.0000       0.0000
                        165600          400            0            0            0  178020.2025   83774.2129 3079556.2319       0.0000            0            0            0            0       0.0000       0.0000       0.0000       0.0000
                        169200          400            0            0            0  178023.5835   83775.8040 3079556.2319       0.0000            0            0            0            0       0.0000       0.0000       0.0000       0.0000
                        172800          400            0            0            0  178023.5837   83775.8041 3079556.2319       0.0000            0            0            0            0       0.0000       0.0000       0.0000       0.0000
                        176400          400            0            0            0  178023.5829   83775.8037 3190961.9575       0.0000            0            0            0            0       0.0000       0.0000       0.0000       0.0000
                        180000          400            0            0            0  178023.5837   83775.8041 3190961.9575       0.0000            0            0            0            0       0.0000       0.0000       0.0000       0.0000
                        183600          400            0            0            0  178023.4385   83775.7358 3289184.1730       0.0000            0            0            0            0       0.0000       0.0000       0.0000       0.0000
                        187200          400            0            0            0  178023.5837   83775.8041 3289184.1730       0.0000            0            0            0            0       0.0000       0.0000       0.0000       0.0000
                        190800          400            0            0            0  177987.2658   83758.7133 3390473.9192       0.0000            0            0            0            0       0.0000       0.0000       0.0000       0.0000
                        194400          400            0            0            0  178023.5837   83775.8041 3390473.9192       0.0000            0            0            0            0       0.0000       0.0000       0.0000       0.0000
                        198000          400            0            0            0  178023.5837   83775.8041 3390473.9192       0.0000            0            0            0            0       0.0000       0.0000       0.0000       0.0000
                        201600          400            0            0            0  178023.5779   83775.8014 3479456.7212       0.0000            0            0            0            0       0.0000       0.0000       0.0000       0.0000
                        205200          400            0            0            0  178023.5837   83775.8041 3479456.7212       0.0000            0            0            0            0       0.0000       0.0000       0.0000       0.0000
                        208800          400            0            0            0  178021.7966   83774.9631 3571740.1944       0.0000            0            0            0            0       0.0000       0.0000       0.0000       0.0000
                        212400          400            0            0            0  178023.5837   83775.8041 3571740.1944       0.0000            0            0            0            0       0.0000       0.0000       0.0000       0.0000
                        216000          400            0            0            0  178023.5837   83775.8041 3571740.1944       0.0000            0            0            0            0       0.0000       0.0000       0.0000       0.0000
                        219600          400            0            0            0  178023.5834   83775.8040 3661725.9802       0.0000            0            0            0            0       0.0000       0.0000       0.0000       0.0000
                        223200          400            0            0            0  178023.5837   83775.8041 3661725.9802       0.0000            0            0            0            0       0.0000       0.0000       0.0000       0.0000
                        226800          400            0            0            0  178023.5252   83775.7766 3752310.0317       0.0000            0            0            0            0       0.0000       0.0000       0.0000       0.0000
                        230400          400            0            0            0  178023.5837   83775.8041 3752310.0317       0.0000            0            0            0            0       0.0000       0.0000       0.0000       0.0000
                        234000          400            0            0            0  177999.6072   83764.5210 3843882.9190       0.0000            0            0            0            0       0.0000       0.0000       0.0000       0.0000
                        237600          400            0            0            0  178023.5837   83775.8041 3843882.9190       0.0000            0            0            0            0       0.0000       0.0000       0.0000       0.0000
                        241200          400            0            0            0  178023.5837   83775.8041 3843882.9190       0.0000            0            0            0            0       0.0000       0.0000       0.0000       0.0000
                        244800          400            0            0            0  178023.5829   83775.8037 3920905.1297       0.0000            0            0            0            0       0.0000       0.0000       0.0000       0.0000
                        248400          400            0            0            0  178023.5837   83775.8041 3920905.1297       0.0000            0            0            0            0       0.0000       0.0000       0.0000       0.0000
                        252000          400            0            0            0  178023.1899   83775.6188 4002638.7867       0.0000            0            0            0            0       0.0000       0.0000       0.0000       0.0000
                        255600          400            0            0            0  178023.5837   83775.8041 4002638.7867       0.0000            0            0            0            0       0.0000       0.0000       0.0000       0.0000
                        259200          400            0            0            0  178023.5837   83775.8041 4002638.7867       0.0000            0            0            0            0       0.0000       0.0000       0.0000       0.0000
                        262800          400            0            0            0  178023.5837   83775.8041 4093410.2817       0.0000            0            0            0            0       0.0000       0.0000       0.0000       0.0000
                        266400          400            0            0            0  178023.5837   83775.8041 4093410.2817       0.0000            0            0            0            0       0.0000       0.0000       0.0000       0.0000
                        270000          400            0            0            0  178023.5807   83775.8027 4169718.9062       0.0000            0            0            0            0       0.0000       0.0000       0.0000       0.0000
                        273600          400            0            0            0  178023.5837   83775.8041 4169718.9062       0.0000            0            0            0            0       0.0000       0.0000       0.0000       0.0000
                        277200          400            0            0            0  178010.3297   83769.5669 4245982.4894       0.0000            0            0            0            0       0.0000       0.0000       0.0000       0.0000
                        280800          400            0            0            0  178023.5837   83775.8041 4245982.4894       0.0000            0            0            0            0       0.0000       0.0000       0.0000       0.0000
                        284400          400            0            0            0  178023.5837   83775.8041 4245982.4894       0.0000            0            0            0            0       0.0000       0.0000       0.0000       0.0000
                        288000          400            0            0            0  178023.5837   83775.8041 4310899.1341       0.0000            0            0            0            0       0.0000       0.0000       0.0000       0.0000
                        291600          400            0            0            0  178023.5837   83775.8041 4310899.1341       0.0000            0            0            0            0       0.0000       0.0000       0.0000       0.0000
                        295200          400            0            0            0  178023.4413   83775.7371 4388129.8940       0.0000            0            0            0            0       0.0000       0.0000       0.0000       0.0000
                        298800          400            0            0            0  178023.5837   83775.8041 4388129.8940       0.0000            0            0            0            0       0.0000       0.0000       0.0000       0.0000
                        302400          400            0            0            0  178023.5837   83775.8041 4388129.8940       0.0000            0            0            0            0       0.0000       0.0000       0.0000       0.0000
                        306000          400            0            0            0  178023.5837   83775.8041 4453043.0450       0.0000            0            0            0            0       0.0000       0.0000       0.0000       0.0000
                        309600          400            0            0            0  178023.5837   83775.8041 4453043.0450       0.0000            0            0            0            0       0.0000       0.0000       0.0000       0.0000
                        313200          400            0            0            0  178023.5827   83775.8036 4525815.4843       0.0000            0            0            0            0       0.0000       0.0000       0.0000       0.0000
                        316800          400            0            0            0  178023.5837   83775.8041 4525815.4843       0.0000            0            0            0            0       0.0000       0.0000       0.0000       0.0000
                        320400          400            0            0            0  178013.8968   83771.2456 4600300.5893       0.0000            0            0            0            0       0.0000       0.0000       0.0000       0.0000
                        324000          400            0            0            0  178023.5837   83775.8041 4600300.5893       0.0000            0            0            0            0       0.0000       0.0000       0.0000       0.0000
                        327600          400            0            0            0  178023.5837   83775.8041 4600300.5893       0.0000            0            0            0            0       0.0000       0.0000       0.0000       0.0000
                        331200          400            0            0            0  178023.5837   83775.8041 4660655.3165       0.0000            0            0            0            0       0.0000       0.0000       0.0000       0.0000
                        334800          400            0            0            0  178023.5837   83775.8041 4660655.3165       0.0000            0            0            0            0       0.0000       0.0000       0.0000       0.0000
                        338400          400            0            0            0  178023.5544   83775.7903 4720022.4149       0.0000            0            0            0            0       0.0000       0.0000       0.0000       0.0000
                        342000          400            0            0            0  178023.5837   83775.8041 4720022.4149       0.0000            0            0            0            0       0.0000       0.0000       0.0000       0.0000
                        345600          400            0            0            0  178023.5837   83775.8041 4720022.4149       0.0000            0            0            0            0       0.0000       0.0000       0.0000       0.0000
                        349200          400            0            0            0  178023.5837   83775.8041 4791039.9645       0.0000            0            0            0            0       0.0000       0.0000       0.0000       0.0000
                        352800          400            0            0            0  178023.5837   83775.8041 4791039.9645       0.0000            0            0            0            0       0.0000       0.0000       0.0000       0.0000
                        356400          400            0            0            0  178023.5836   83775.8041 4849763.7942       0.0000            0            0            0            0       0.0000       0.0000       0.0000       0.0000
                        360000          400            0            0            0  178023.5837   83775.8041 4849763.7942       0.0000            0            0            0            0       0.0000       0.0000       0.0000       0.0000
                        363600          400            0            0            0  178019.5168   83773.8903 4906980.3070       0.0000            0            0            0            0       0.0000       0.0000       0.0000       0.0000
                        367200          400            0            0            0  178023.5837   83775.8041 4906980.3070       0.0000            0            0            0            0       0.0000       0.0000       0.0000       0.0000
                        370800          400            0            0            0  178023.5837   83775.8041 4906980.3070       0.0000            0            0            0            0       0.0000       0.0000       0.0000       0.0000
                        374400          400            0            0            0  178023.5837   83775.8041 4958097.3935       0.0000            0            0            0            0       0.0000       0.0000       0.0000       0.0000
                        378000          400            0            0            0  178023.5837   83775.8041 4958097.3935       0.0000            0            0            0            0       0.0000       0.0000       0.0000       0.0000
                        381600          400            0            0            0  178023.5723   83775.7987 5011929.4790       0.0000            0            0            0            0       0.0000       0.0000       0.0000       0.0000
                        385200          400            0            0            0  178023.5837   83775.8041 5011929.4790       0.0000            0            0            0            0       0.0000       0.0000       0.0000       0.0000
                        388800          400            0            0            0  178023.5837   83775.8041 5011929.4790       0.0000            0            0            0            0       0.0000       0.0000       0.0000       0.0000
                        392400          400            0            0            0  178023.5837   83775.8041 5066397.9977       0.0000            0            0            0            0       0.0000       0.0000       0.0000       0.0000
                        396000          400            0            0            0  178023.5837   83775.8041 5066397.9977       0.0000            0            0            0            0       0.0000       0.0000       0.0000       0.0000
                        399600          400            0            0            0  178023.5837   83775.8041 5117723.6467       0.0000            0            0            0            0       0.0000       0.0000       0.0000       0.0000
                        403200          400            0            0            0  178023.5837   83775.8041 5117723.6467       0.0000            0            0            0            0       0.0000       0.0000       0.0000       0.0000
                        406800          400            0            0            0  178020.9728   83774.5754 5164437.5924       0.0000            0            0            0            0       0.0000       0.0000       0.0000       0.0000
                        410400          400            0            0            0  178023.5837   83775.8041 5164437.5924       0.0000            0            0            0            0       0.0000       0.0000       0.0000       0.0000
                        414000          400            0            0            0  178023.5837   83775.8041 5164437.5924       0.0000            0            0            0            0       0.0000       0.0000       0.0000       0.0000
                        417600          400            0            0            0  178023.5837   83775.8041 5211066.8498       0.0000            0            0            0            0       0.0000       0.0000       0.0000       0.0000
                        421200          400            0            0            0  178023.5837   83775.8041 5211066.8498       0.0000            0            0            0            0       0.0000       0.0000       0.0000       0.0000
                        424800          400            0            0            0  178023.5812   83775.8029 5253847.3766       0.0000            0            0            0            0       0.0000       0.0000       0.0000       0.0000
                        428400          400            0            0            0  178023.5837   83775.8041 5253847.3766       0.0000            0            0            0            0       0.0000       0.0000       0.0000       0.0000
                        432000          400            0            0            0  178023.5837   83775.8041 5253847.3766       0.0000            0            0            0            0       0.0000       0.0000       0.0000       0.0000
                        435600          400            0            0            0  178023.5837   83775.8041 5311038.3412       0.0000            0            0            0            0       0.0000       0.0000       0.0000       0.0000
                        439200          400            0            0            0  178023.5837   83775.8041 5311038.3412       0.0000            0            0            0            0       0.0000       0.0000       0.0000       0.0000
