BioMASSver                             0.22
date                             2014/11/12
hour                               17:04:10
refuges                                 280
refs_minrad                         50.5256
refs_maxrad                        249.8748
refs_areafrac                        0.0100
refs_disp                        12421.7663
refs_sizeclasses                         10
refs_sizeclass                      class00      class01      class02      class03      class04      class05      class06      class07      class08      class09
refs_maxsize                        70.4606      90.3955     110.3304     130.2653     150.2002     170.1352     190.0701     210.0050     229.9399     249.8748
refs_count                               33           32           33           37           22           27           20           30           23           23
refs_use                  step
                             0            0            0            0            0            0            0            0            0            0            0
                          3600            0            6            8           11            8           11           20           58           35           32
                          7200            0            6            8           11            8           11           20           58           35           32
                         10800            3           20           25           34           25           58           45          145           88           80
                         14400            3           20           25           34           25           58           45          145           88           80
                         18000           22           84          126          154           68          168          104          225          124          182
                         21600           22           84          126          154           68          168          104          225          124          182
                         25200           22           84          126          154           68          168          104          225          124          182
                         28800           50          160          207          302          122          283          150          370          254          343
                         32400           50          160          207          302          122          283          150          370          254          343
                         36000           72          219          256          423          159          378          182          454          310          420
                         39600           72          219          256          423          159          378          182          454          310          420
                         43200           72          219          256          423          159          378          182          454          310          420
                         46800          105          254          294          506          191          448          236          527          375          495
                         50400          105          254          294          506          191          448          236          527          375          495
                         54000          127          291          349          593          203          509          267          590          406          548
                         57600          127          291          349          593          203          509          267          590          406          548
                         61200          146          314          381          668          221          573          291          633          446          591
                         64800          146          314          381          668          221          573          291          633          446          591
                         68400          146          314          381          668          221          573          291          633          446          591
                         72000          160          347          438          723          240          637          312          702          499          637
                         75600          160          347          438          723          240          637          312          702          499          637
                         79200          189          377          481          780          261          683          333          735          554          712
                         82800          189          377          481          780          261          683          333          735          554          712
                         86400          189          377          481          780          261          683          333          735          554          712
                         90000          208          405          516          837          286          732          372          780          584          780
                         93600          208          405          516          837          286          732          372          780          584          780
                         97200          216          430          550          886          300          785          393          818          614          808
                        100800          216          430          550          886          300          785          393          818          614          808
                        104400          230          463          584          936          316          824          417          849          639          845
                        108000          230          463          584          936          316          824          417          849          639          845
                        111600          230          463          584          936          316          824          417          849          639          845
                        115200          238          484          620          977          339          871          442          874          661          868
                        118800          238          484          620          977          339          871          442          874          661          868
                        122400          261          502          643         1013          368          942          464          901          683          891
                        126000          261          502          643         1013          368          942          464          901          683          891
                        129600          261          502          643         1013          368          942          464          901          683          891
                        133200          274          519          665         1046          383          983          479          918          702          928
                        136800          274          519          665         1046          383          983          479          918          702          928
                        140400          283          538          696         1086          394         1020          495          944          717          946
                        144000          283          538          696         1086          394         1020          495          944          717          946
                        147600          293          556          721         1124          407         1058          523          977          741          981
                        151200          293          556          721         1124          407         1058          523          977          741          981
                        154800          293          556          721         1124          407         1058          523          977          741          981
                        158400          301          585          754         1152          418         1086          543         1000          770         1004
                        162000          301          585          754         1152          418         1086          543         1000          770         1004
                        165600          314          605          778         1182          433         1137          563         1027          797         1021
                        169200          314          605          778         1182          433         1137          563         1027          797         1021
                        172800          314          605          778         1182          433         1137          563         1027          797         1021
                        176400          328          624          802         1223          452         1167          576         1068          834         1042
                        180000          328          624          802         1223          452         1167          576         1068          834         1042
                        183600          337          649          828         1257          468         1215          597         1089          858         1066
                        187200          337          649          828         1257          468         1215          597         1089          858         1066
                        190800          351          669          858         1294          479         1262          614         1138          878         1103
                        194400          351          669          858         1294          479         1262          614         1138          878         1103
                        198000          351          669          858         1294          479         1262          614         1138          878         1103
                        201600          369          693          885         1338          494         1294          632         1159          900         1145
                        205200          369          693          885         1338          494         1294          632         1159          900         1145
                        208800          387          714          903         1367          514         1331          650         1175          914         1175
                        212400          387          714          903         1367          514         1331          650         1175          914         1175
                        216000          387          714          903         1367          514         1331          650         1175          914         1175
                        219600          397          724          928         1407          524         1363          665         1189          934         1223
                        223200          397          724          928         1407          524         1363          665         1189          934         1223
                        226800          409          736          956         1436          534         1389          675         1205          950         1247
                        230400          409          736          956         1436          534         1389          675         1205          950         1247
                        234000          415          750          969         1467          553         1442          682         1223          968         1268
                        237600          415          750          969         1467          553         1442          682         1223          968         1268
                        241200          415          750          969         1467          553         1442          682         1223          968         1268
                        244800          420          766          993         1488          567         1470          704         1238          983         1283
                        248400          420          766          993         1488          567         1470          704         1238          983         1283
                        252000          426          776         1011         1515          583         1510          725         1260         1010         1304
                        255600          426          776         1011         1515          583         1510          725         1260         1010         1304
                        259200          426          776         1011         1515          583         1510          725         1260         1010         1304
                        262800          436          792         1035         1546          599         1559          735         1291         1034         1325
                        266400          436          792         1035         1546          599         1559          735         1291         1034         1325
                        270000          443          812         1046         1573          612         1601          752         1310         1050         1345
                        273600          443          812         1046         1573          612         1601          752         1310         1050         1345
                        277200          447          833         1069         1606          620         1631          765         1341         1066         1365
                        280800          447          833         1069         1606          620         1631          765         1341         1066         1365
                        284400          447          833         1069         1606          620         1631          765         1341         1066         1365
                        288000          461          855         1095         1638          631         1668          774         1367         1082         1380
                        291600          461          855         1095         1638          631         1668          774         1367         1082         1380
                        295200          471          866         1108         1662          645         1701          785         1383         1093         1398
                        298800          471          866         1108         1662          645         1701          785         1383         1093         1398
                        302400          471          866         1108         1662          645         1701          785         1383         1093         1398
                        306000          482          873         1134         1696          650         1730          791         1405         1111         1416
                        309600          482          873         1134         1696          650         1730          791         1405         1111         1416
                        313200          489          887         1157         1725          658         1767          804         1414         1120         1434
                        316800          489          887         1157         1725          658         1767          804         1414         1120         1434
                        320400          496          896         1174         1749          664         1791          810         1423         1136         1446
                        324000          496          896         1174         1749          664         1791          810         1423         1136         1446
                        327600          496          896         1174         1749          664         1791          810         1423         1136         1446
                        331200          508          903         1181         1763          678         1814          822         1437         1147         1460
                        334800          508          903         1181         1763          678         1814          822         1437         1147         1460
                        338400          520          913         1196         1792          685         1842          844         1450         1160         1471
                        342000          520          913         1196         1792          685         1842          844         1450         1160         1471
                        345600          520          913         1196         1792          685         1842          844         1450         1160         1471
                        349200          526          924         1211         1825          699         1874          851         1475         1176         1481
                        352800          526          924         1211         1825          699         1874          851         1475         1176         1481
                        356400          536          936         1224         1843          708         1922          865         1492         1189         1496
                        360000          536          936         1224         1843          708         1922          865         1492         1189         1496
                        363600          544          958         1241         1865          712         1950          877         1517         1203         1507
                        367200          544          958         1241         1865          712         1950          877         1517         1203         1507
                        370800          544          958         1241         1865          712         1950          877         1517         1203         1507
                        374400          552          976         1259         1888          722         1978          900         1540         1221         1522
                        378000          552          976         1259         1888          722         1978          900         1540         1221         1522
                        381600          558          987         1274         1913          733         2003          918         1553         1230         1532
                        385200          558          987         1274         1913          733         2003          918         1553         1230         1532
                        388800          558          987         1274         1913          733         2003          918         1553         1230         1532
                        392400          567          991         1284         1940          739         2032          926         1564         1241         1549
                        396000          567          991         1284         1940          739         2032          926         1564         1241         1549
                        399600          570          998         1291         1963          748         2056          934         1583         1254         1578
                        403200          570          998         1291         1963          748         2056          934         1583         1254         1578
                        406800          576         1003         1299         1989          756         2076          942         1594         1260         1594
                        410400          576         1003         1299         1989          756         2076          942         1594         1260         1594
                        414000          576         1003         1299         1989          756         2076          942         1594         1260         1594
                        417600          591         1008         1315         2005          766         2096          950         1606         1267         1600
                        421200          591         1008         1315         2005          766         2096          950         1606         1267         1600
                        424800          601         1012         1324         2034          770         2127          960         1615         1282         1611
                        428400          601         1012         1324         2034          770         2127          960         1615         1282         1611
                        432000          601         1012         1324         2034          770         2127          960         1615         1282         1611
                        435600          606         1020         1338         2066          773         2153          968         1637         1296         1626
                        439200          606         1020         1338         2066          773         2153          968         1637         1296         1626
                        442800          613         1029         1351         2078          779         2192          976         1648         1310         1637
                        446400          613         1029         1351         2078          779         2192          976         1648         1310         1637
                        450000          619         1040         1358         2093          785         2233          987         1668         1327         1647
                        453600          619         1040         1358         2093          785         2233          987         1668         1327         1647
                        457200          619         1040         1358         2093          785         2233          987         1668         1327         1647
                        460800          623         1046         1366         2113          788         2272          995         1686         1335         1667
                        464400          623         1046         1366         2113          788         2272          995         1686         1335         1667
                        468000          626         1049         1371         2124          790         2292          999         1699         1340         1693
                        471600          626         1049         1371         2124          790         2292          999         1699         1340         1693
                        475200          626         1049         1371         2124          790         2292          999         1699         1340         1693
                        478800          632         1053         1382         2136          792         2306         1017         1711         1352         1713
                        482400          632         1053         1382         2136          792         2306         1017         1711         1352         1713
                        486000          637         1059         1389         2150          794         2328         1033         1726         1370         1729
                        489600          637         1059         1389         2150          794         2328         1033         1726         1370         1729
                        493200          639         1062         1407         2164          798         2343         1050         1736         1378         1743
                        496800          639         1062         1407         2164          798         2343         1050         1736         1378         1743
                        500400          639         1062         1407         2164          798         2343         1050         1736         1378         1743
                        504000          642         1066         1428         2168          806         2351         1070         1744         1388         1756
                        507600          642         1066         1428         2168          806         2351         1070         1744         1388         1756
                        511200          645         1071         1435         2196          808         2368         1078         1757         1395         1766
                        514800          645         1071         1435         2196          808         2368         1078         1757         1395         1766
                        518400          645         1071         1435         2196          808         2368         1078         1757         1395         1766
                        522000          646         1082         1442         2212          816         2384         1085         1772         1406         1782
                        525600          646         1082         1442         2212          816         2384         1085         1772         1406         1782
                        529200          646         1088         1449         2225          827         2411         1094         1786         1410         1793
                        532800          646         1088         1449         2225          827         2411         1094         1786         1410         1793
                        536400          648         1093         1452         2239          834         2426         1099         1797         1420         1816
                        540000          648         1093         1452         2239          834         2426         1099         1797         1420         1816
                        543600          648         1093         1452         2239          834         2426         1099         1797         1420         1816
                        547200          655         1097         1459         2255          840         2438         1102         1813         1429         1847
                        550800          655         1097         1459         2255          840         2438         1102         1813         1429         1847
                        554400          656         1100         1460         2286          844         2452         1105         1823         1435         1863
                        558000          656         1100         1460         2286          844         2452         1105         1823         1435         1863
                        561600          656         1100         1460         2286          844         2452         1105         1823         1435         1863
                        565200          659         1104         1461         2306          852         2461         1110         1841         1442         1868
                        568800          659         1104         1461         2306          852         2461         1110         1841         1442         1868
                        572400          660         1109         1466         2317          858         2476         1118         1853         1455         1889
                        576000          660         1109         1466         2317          858         2476         1118         1853         1455         1889
                        579600          663         1115         1469         2323          862         2517         1122         1858         1466         1906
                        583200          663         1115         1469         2323          862         2517         1122         1858         1466         1906
                        586800          663         1115         1469         2323          862         2517         1122         1858         1466         1906
                        590400          672         1122         1480         2329          865         2578         1131         1866         1477         1926
                        594000          672         1122         1480         2329          865         2578         1131         1866         1477         1926
                        597600          673         1129         1507         2341          869         2601         1133         1877         1479         1934
                        601200          673         1129         1507         2341          869         2601         1133         1877         1479         1934
                        604800          673         1129         1507         2341          869         2601         1133         1877         1479         1934
                        608400          674         1136         1523         2347          879         2621         1165         1888         1484         1937
                        612000          674         1136         1523         2347          879         2621         1165         1888         1484         1937
                        615600          675         1144         1530         2356          885         2636         1176         1897         1490         1945
                        619200          675         1144         1530         2356          885         2636         1176         1897         1490         1945
                        622800          675         1146         1532         2365          895         2651         1181         1901         1497         1947
                        626400          675         1146         1532         2365          895         2651         1181         1901         1497         1947
                        630000          675         1146         1532         2365          895         2651         1181         1901         1497         1947
                        633600          675         1152         1535         2379          901         2660         1187         1905         1503         1947
                        637200          675         1152         1535         2379          901         2660         1187         1905         1503         1947
                        640800          675         1155         1537         2419          904         2675         1188         1906         1513         1954
                        644400          675         1155         1537         2419          904         2675         1188         1906         1513         1954
                        648000          675         1155         1537         2419          904         2675         1188         1906         1513         1954
                        651600          678         1158         1543         2438          911         2686         1198         1915         1529         1957
                        655200          678         1158         1543         2438          911         2686         1198         1915         1529         1957
                        658800          682         1160         1548         2446          913         2693         1212         1918         1542         1972
                        662400          682         1160         1548         2446          913         2693         1212         1918         1542         1972
                        666000          688         1163         1555         2456          921         2699         1224         1922         1555         1994
                        669600          688         1163         1555         2456          921         2699         1224         1922         1555         1994
                        673200          688         1163         1555         2456          921         2699         1224         1922         1555         1994
                        676800          696         1170         1559         2476          924         2717         1238         1929         1564         2002
                        680400          696         1170         1559         2476          924         2717         1238         1929         1564         2002
                        684000          699         1174         1566         2492          934         2779         1247         1933         1575         2004
                        687600          699         1174         1566         2492          934         2779         1247         1933         1575         2004
                        691200          699         1174         1566         2492          934         2779         1247         1933         1575         2004
                        694800          705         1176         1570         2500          937         2813         1254         1941         1579         2008
                        698400          705         1176         1570         2500          937         2813         1254         1941         1579         2008
                        702000          710         1180         1572         2510          942         2829         1265         1948         1584         2011
                        705600          710         1180         1572         2510          942         2829         1265         1948         1584         2011
                        709200          712         1186         1573         2548          952         2833         1272         1973         1590         2022
                        712800          712         1186         1573         2548          952         2833         1272         1973         1590         2022
                        716400          712         1186         1573         2548          952         2833         1272         1973         1590         2022
                        720000          714         1190         1574         2563          958         2837         1276         1978         1608         2029
                        723600          714         1190         1574         2563          958         2837         1276         1978         1608         2029
                        727200          716         1194         1578         2576          959         2841         1278         1979         1619         2035
                        730800          716         1194         1578         2576          959         2841         1278         1979         1619         2035
                        734400          716         1194         1578         2576          959         2841         1278         1979         1619         2035
                        738000          716         1195         1582         2582          961         2872         1286         1983         1624         2040
                        741600          716         1195         1582         2582          961         2872         1286         1983         1624         2040
                        745200          717         1200         1589         2602          962         2884         1298         1992         1625         2041
                        748800          717         1200         1589         2602          962         2884         1298         1992         1625         2041
                        752400          719         1201         1596         2607          963         2889         1312         2000         1633         2043
                        756000          719         1201         1596         2607          963         2889         1312         2000         1633         2043
                        759600          719         1201         1596         2607          963         2889         1312         2000         1633         2043
                        763200          725         1203         1602         2618          965         2896         1320         2006         1638         2044
                        766800          725         1203         1602         2618          965         2896         1320         2006         1638         2044
                        770400          725         1208         1607         2632          966         2904         1322         2021         1642         2049
                        774000          725         1208         1607         2632          966         2904         1322         2021         1642         2049
                        777600          725         1208         1607         2632          966         2904         1322         2021         1642         2049
                        781200          726         1213         1609         2639          967         2927         1339         2027         1643         2063
                        784800          726         1213         1609         2639          967         2927         1339         2027         1643         2063
                        788400          727         1216         1610         2646          969         2935         1352         2035         1645         2080
                        792000          727         1216         1610         2646          969         2935         1352         2035         1645         2080
                        795600          729         1230         1611         2651          970         2943         1358         2042         1663         2091
                        799200          729         1230         1611         2651          970         2943         1358         2042         1663         2091
                        802800          729         1230         1611         2651          970         2943         1358         2042         1663         2091
                        806400          729         1232         1613         2665          976         2948         1364         2044         1673         2101
                        810000          729         1232         1613         2665          976         2948         1364         2044         1673         2101
                        813600          731         1232         1620         2669          986         2953         1368         2048         1683         2102
                        817200          731         1232         1620         2669          986         2953         1368         2048         1683         2102
                        820800          731         1232         1620         2669          986         2953         1368         2048         1683         2102
                        824400          732         1232         1637         2673          992         2959         1369         2049         1693         2114
                        828000          732         1232         1637         2673          992         2959         1369         2049         1693         2114
                        831600          732         1233         1643         2705         1004         2967         1369         2052         1697         2117
                        835200          732         1233         1643         2705         1004         2967         1369         2052         1697         2117
                        838800          732         1236         1648         2713         1011         2973         1370         2058         1702         2119
                        842400          732         1236         1648         2713         1011         2973         1370         2058         1702         2119
                        846000          732         1236         1648         2713         1011         2973         1370         2058         1702         2119
                        849600          732         1236         1660         2720         1011         2988         1370         2063         1718         2126
                        853200          732         1236         1660         2720         1011         2988         1370         2063         1718         2126
                        856800          734         1236         1665         2726         1013         2996         1370         2072         1721         2128
                        860400          734         1236         1665         2726         1013         2996         1370         2072         1721         2128
                        864000          734         1236         1665         2726         1013         2996         1370         2072         1721         2128
                        867600          739         1238         1667         2731         1015         3001         1373         2076         1730         2128
                        871200          739         1238         1667         2731         1015         3001         1373         2076         1730         2128
                        874800          740         1238         1668         2744         1015         3012         1379         2087         1736         2132
                        878400          740         1238         1668         2744         1015         3012         1379         2087         1736         2132
                        882000          741         1246         1668         2767         1020         3040         1382         2106         1740         2134
                        885600          741         1246         1668         2767         1020         3040         1382         2106         1740         2134
                        889200          741         1246         1668         2767         1020         3040         1382         2106         1740         2134
                        892800          741         1252         1670         2790         1027         3055         1386         2111         1743         2134
                        896400          741         1252         1670         2790         1027         3055         1386         2111         1743         2134
                        900000          741         1255         1674         2821         1028         3066         1395         2113         1749         2136
                        903600          741         1255         1674         2821         1028         3066         1395         2113         1749         2136
                        907200          741         1255         1674         2821         1028         3066         1395         2113         1749         2136
                        910800          742         1260         1677         2842         1029         3070         1400         2116         1753         2154
                        914400          742         1260         1677         2842         1029         3070         1400         2116         1753         2154
                        918000          747         1260         1682         2849         1031         3073         1408         2123         1755         2184
                        921600          747         1260         1682         2849         1031         3073         1408         2123         1755         2184
                        925200          751         1262         1686         2852         1033         3074         1410         2128         1759         2195
                        928800          751         1262         1686         2852         1033         3074         1410         2128         1759         2195
                        932400          751         1262         1686         2852         1033         3074         1410         2128         1759         2195
                        936000          752         1263         1688         2852         1034         3078         1413         2142         1779         2200
                        939600          752         1263         1688         2852         1034         3078         1413         2142         1779         2200
                        943200          752         1265         1692         2855         1037         3081         1414         2153         1795         2201
                        946800          752         1265         1692         2855         1037         3081         1414         2153         1795         2201
                        950400          752         1265         1692         2855         1037         3081         1414         2153         1795         2201
                        954000          754         1266         1699         2858         1039         3083         1414         2158         1803         2205
                        957600          754         1266         1699         2858         1039         3083         1414         2158         1803         2205
                        961200          756         1266         1705         2865         1044         3091         1421         2160         1804         2208
                        964800          756         1266         1705         2865         1044         3091         1421         2160         1804         2208
                        968400          757         1266         1705         2866         1058         3129         1422         2161         1808         2212
                        972000          757         1266         1705         2866         1058         3129         1422         2161         1808         2212
                        975600          757         1266         1705         2866         1058         3129         1422         2161         1808         2212
                        979200          757         1271         1720         2871         1060         3141         1425         2164         1810         2219
                        982800          757         1271         1720         2871         1060         3141         1425         2164         1810         2219
                        986400          758         1275         1737         2877         1061         3166         1428         2190         1817         2231
                        990000          758         1275         1737         2877         1061         3166         1428         2190         1817         2231
                        993600          758         1275         1737         2877         1061         3166         1428         2190         1817         2231
                        997200          763         1279         1741         2898         1074         3193         1430         2199         1820         2243
                       1000800          763         1279         1741         2898         1074         3193         1430         2199         1820         2243
                       1004400          765         1284         1745         2914         1076         3202         1436         2213         1820         2249
                       1008000          765         1284         1745         2914         1076         3202         1436         2213         1820         2249
                       1011600          766         1284         1748         2929         1077         3204         1442         2217         1821         2255
                       1015200          766         1284         1748         2929         1077         3204         1442         2217         1821         2255
                       1018800          766         1284         1748         2929         1077         3204         1442         2217         1821         2255
                       1022400          766         1285         1756         2940         1077         3208         1465         2222         1823         2261
                       1026000          766         1285         1756         2940         1077         3208         1465         2222         1823         2261
                       1029600          767         1288         1774         2952         1078         3212         1488         2223         1834         2266
                       1033200          767         1288         1774         2952         1078         3212         1488         2223         1834         2266
                       1036800          767         1288         1774         2952         1078         3212         1488         2223         1834         2266
                       1040400          768         1288         1784         2962         1080         3212         1496         2223         1841         2270
                       1044000          768         1288         1784         2962         1080         3212         1496         2223         1841         2270
                       1047600          768         1289         1786         2967         1081         3215         1502         2223         1847         2271
                       1051200          768         1289         1786         2967         1081         3215         1502         2223         1847         2271
                       1054800          771         1294         1789         2986         1082         3219         1507         2226         1860         2272
                       1058400          771         1294         1789         2986         1082         3219         1507         2226         1860         2272
                       1062000          771         1294         1789         2986         1082         3219         1507         2226         1860         2272
                       1065600          775         1298         1791         3001         1088         3220         1510         2233         1869         2275
                       1069200          775         1298         1791         3001         1088         3220         1510         2233         1869         2275
                       1072800          777         1300         1793         3007         1093         3222         1512         2236         1871         2280
                       1076400          777         1300         1793         3007         1093         3222         1512         2236         1871         2280
                       1080000          777         1300         1793         3007         1093         3222         1512         2236         1871         2280
                       1083600          781         1302         1794         3041         1096         3230         1515         2236         1874         2281
                       1087200          781         1302         1794         3041         1096         3230         1515         2236         1874         2281
                       1090800          783         1303         1798         3052         1096         3254         1516         2239         1882         2292
                       1094400          783         1303         1798         3052         1096         3254         1516         2239         1882         2292
                       1098000          783         1304         1799         3058         1101         3264         1535         2244         1883         2294
                       1101600          783         1304         1799         3058         1101         3264         1535         2244         1883         2294
                       1105200          783         1304         1799         3058         1101         3264         1535         2244         1883         2294
                       1108800          783         1304         1800         3066         1106         3268         1546         2248         1885         2298
                       1112400          783         1304         1800         3066         1106         3268         1546         2248         1885         2298
                       1116000          784         1306         1804         3079         1111         3278         1549         2252         1889         2298
                       1119600          784         1306         1804         3079         1111         3278         1549         2252         1889         2298
                       1123200          784         1306         1804         3079         1111         3278         1549         2252         1889         2298
                       1126800          784         1307         1806         3082         1114         3295         1551         2255         1895         2303
                       1130400          784         1307         1806         3082         1114         3295         1551         2255         1895         2303
                       1134000          784         1309         1806         3092         1125         3311         1560         2258         1898         2307
                       1137600          784         1309         1806         3092         1125         3311         1560         2258         1898         2307
                       1141200          784         1312         1806         3102         1132         3318         1563         2265         1910         2311
                       1144800          784         1312         1806         3102         1132         3318         1563         2265         1910         2311
                       1148400          784         1312         1806         3102         1132         3318         1563         2265         1910         2311
                       1152000          786         1316         1809         3109         1138         3322         1572         2267         1916         2318
                       1155600          786         1316         1809         3109         1138         3322         1572         2267         1916         2318
                       1159200          786         1323         1814         3119         1143         3327         1575         2274         1921         2330
                       1162800          786         1323         1814         3119         1143         3327         1575         2274         1921         2330
                       1166400          786         1323         1814         3119         1143         3327         1575         2274         1921         2330
                       1170000          790         1327         1814         3136         1145         3328         1577         2297         1927         2334
                       1173600          790         1327         1814         3136         1145         3328         1577         2297         1927         2334
                       1177200          790         1328         1821         3154         1148         3332         1583         2303         1929         2349
                       1180800          790         1328         1821         3154         1148         3332         1583         2303         1929         2349
                       1184400          793         1331         1851         3179         1148         3347         1596         2312         1937         2356
                       1188000          793         1331         1851         3179         1148         3347         1596         2312         1937         2356
                       1191600          793         1331         1851         3179         1148         3347         1596         2312         1937         2356
                       1195200          796         1331         1859         3193         1148         3367         1601         2315         1939         2364
                       1198800          796         1331         1859         3193         1148         3367         1601         2315         1939         2364
                       1202400          797         1333         1867         3200         1154         3404         1602         2319         1944         2370
                       1206000          797         1333         1867         3200         1154         3404         1602         2319         1944         2370
                       1209600          797         1333         1867         3200         1154         3404         1602         2319         1944         2370
                       1213200          798         1336         1868         3201         1154         3424         1605         2322         1953         2392
                       1216800          798         1336         1868         3201         1154         3424         1605         2322         1953         2392
