BioMASSver                             0.22
date                             2014/01/13
hour                               18:52:08
refuges                                 264
refs_minrad                         50.1106
refs_maxrad                        248.8614
refs_areafrac                        0.0100
refs_disp                        11983.0332
refs_sizeclasses                         10
refs_sizeclass                      class00      class01      class02      class03      class04      class05      class06      class07      class08      class09
refs_maxsize                        69.9857      89.8607     109.7358     129.6109     149.4860     169.3611     189.2361     209.1112     228.9863     248.8614
refs_count                               24           22           34           33           30           27           20           25           25           24
refs_use                  step
                             0            0            0            0            0            0            0            0            0            0            0
                          3600            2            1            7            9           25           22           38           14           27           32
                          7200            2            1            7            9           25           22           38           14           27           32
                         10800           16            7           20           39           61           48           61           58           74          107
                         14400           16            7           20           39           61           48           61           58           74          107
                         18000           80           24           94          147          133          103          152          150          160          209
                         21600           80           24           94          147          133          103          152          150          160          209
                         25200           80           24           94          147          133          103          152          150          160          209
                         28800          116           70          180          246          266          181          257          239          273          326
                         32400          116           70          180          246          266          181          257          239          273          326
                         36000          154          109          264          344          449          255          316          296          350          440
                         39600          154          109          264          344          449          255          316          296          350          440
                         43200          154          109          264          344          449          255          316          296          350          440
                         46800          184          131          309          427          547          312          392          355          442          508
                         50400          184          131          309          427          547          312          392          355          442          508
                         54000          216          153          350          490          598          343          453          397          489          569
                         57600          216          153          350          490          598          343          453          397          489          569
                         61200          246          181          379          550          662          387          495          429          527          620
                         64800          246          181          379          550          662          387          495          429          527          620
                         68400          246          181          379          550          662          387          495          429          527          620
                         72000          275          191          414          589          711          437          537          462          558          660
                         75600          275          191          414          589          711          437          537          462          558          660
                         79200          294          210          450          625          781          480          582          493          591          725
                         82800          294          210          450          625          781          480          582          493          591          725
                         86400          294          210          450          625          781          480          582          493          591          725
                         90000          316          223          480          673          823          514          624          544          634          766
                         93600          316          223          480          673          823          514          624          544          634          766
                         97200          347          230          582          707          870          549          687          569          687          803
                        100800          347          230          582          707          870          549          687          569          687          803
                        104400          367          246          618          740          900          574          717          604          706          845
                        108000          367          246          618          740          900          574          717          604          706          845
                        111600          367          246          618          740          900          574          717          604          706          845
                        115200          380          256          647          779          950          603          745          659          741          869
                        118800          380          256          647          779          950          603          745          659          741          869
                        122400          405          270          676          818         1030          648          770          686          788          907
                        126000          405          270          676          818         1030          648          770          686          788          907
                        129600          405          270          676          818         1030          648          770          686          788          907
                        133200          424          287          699          849         1117          683          810          723          816          935
                        136800          424          287          699          849         1117          683          810          723          816          935
                        140400          439          306          736          871         1140          708          834          772          848          956
                        144000          439          306          736          871         1140          708          834          772          848          956
                        147600          450          331          761          892         1192          741          882          788          888          988
                        151200          450          331          761          892         1192          741          882          788          888          988
                        154800          450          331          761          892         1192          741          882          788          888          988
                        158400          461          343          790          917         1233          773          914          816          940         1027
                        162000          461          343          790          917         1233          773          914          816          940         1027
                        165600          481          354          818          946         1291          791          938          840          997         1064
                        169200          481          354          818          946         1291          791          938          840          997         1064
                        172800          481          354          818          946         1291          791          938          840          997         1064
                        176400          492          368          841          979         1337          821          980          881         1041         1117
                        180000          492          368          841          979         1337          821          980          881         1041         1117
                        183600          516          379          869         1013         1388          900         1000          914         1082         1167
                        187200          516          379          869         1013         1388          900         1000          914         1082         1167
                        190800          537          390          896         1041         1415          936         1024          946         1118         1203
                        194400          537          390          896         1041         1415          936         1024          946         1118         1203
                        198000          537          390          896         1041         1415          936         1024          946         1118         1203
                        201600          543          401          922         1082         1453          968         1042          970         1164         1236
                        205200          543          401          922         1082         1453          968         1042          970         1164         1236
                        208800          557          412          938         1113         1493          994         1061          989         1208         1278
                        212400          557          412          938         1113         1493          994         1061          989         1208         1278
                        216000          557          412          938         1113         1493          994         1061          989         1208         1278
                        219600          568          421          965         1146         1530         1025         1084         1011         1277         1332
                        223200          568          421          965         1146         1530         1025         1084         1011         1277         1332
                        226800          582          432          981         1167         1571         1039         1103         1027         1303         1395
                        230400          582          432          981         1167         1571         1039         1103         1027         1303         1395
                        234000          592          449         1011         1190         1596         1064         1114         1060         1320         1416
                        237600          592          449         1011         1190         1596         1064         1114         1060         1320         1416
                        241200          592          449         1011         1190         1596         1064         1114         1060         1320         1416
                        244800          606          461         1031         1210         1630         1093         1142         1087         1336         1437
                        248400          606          461         1031         1210         1630         1093         1142         1087         1336         1437
                        252000          621          478         1047         1232         1682         1113         1162         1120         1370         1462
                        255600          621          478         1047         1232         1682         1113         1162         1120         1370         1462
                        259200          621          478         1047         1232         1682         1113         1162         1120         1370         1462
                        262800          639          484         1064         1256         1717         1132         1183         1152         1401         1485
                        266400          639          484         1064         1256         1717         1132         1183         1152         1401         1485
                        270000          659          499         1085         1285         1757         1157         1199         1180         1440         1520
                        273600          659          499         1085         1285         1757         1157         1199         1180         1440         1520
                        277200          678          509         1100         1312         1806         1178         1217         1204         1455         1544
                        280800          678          509         1100         1312         1806         1178         1217         1204         1455         1544
                        284400          678          509         1100         1312         1806         1178         1217         1204         1455         1544
                        288000          686          518         1127         1352         1845         1203         1235         1229         1478         1567
                        291600          686          518         1127         1352         1845         1203         1235         1229         1478         1567
                        295200          695          532         1154         1381         1880         1227         1271         1245         1503         1587
                        298800          695          532         1154         1381         1880         1227         1271         1245         1503         1587
                        302400          695          532         1154         1381         1880         1227         1271         1245         1503         1587
                        306000          708          551         1173         1401         1902         1247         1296         1260         1517         1608
                        309600          708          551         1173         1401         1902         1247         1296         1260         1517         1608
                        313200          714          565         1187         1413         1913         1260         1323         1277         1527         1631
                        316800          714          565         1187         1413         1913         1260         1323         1277         1527         1631
                        320400          725          577         1205         1432         1928         1280         1346         1293         1532         1645
                        324000          725          577         1205         1432         1928         1280         1346         1293         1532         1645
                        327600          725          577         1205         1432         1928         1280         1346         1293         1532         1645
                        331200          727          599         1218         1448         1954         1302         1370         1313         1557         1662
                        334800          727          599         1218         1448         1954         1302         1370         1313         1557         1662
                        338400          746          606         1239         1478         2003         1322         1393         1319         1580         1683
                        342000          746          606         1239         1478         2003         1322         1393         1319         1580         1683
                        345600          746          606         1239         1478         2003         1322         1393         1319         1580         1683
                        349200          762          617         1267         1503         2045         1334         1406         1348         1609         1689
                        352800          762          617         1267         1503         2045         1334         1406         1348         1609         1689
                        356400          780          625         1294         1527         2077         1360         1422         1370         1636         1700
                        360000          780          625         1294         1527         2077         1360         1422         1370         1636         1700
                        363600          796          632         1315         1549         2102         1374         1431         1395         1649         1716
                        367200          796          632         1315         1549         2102         1374         1431         1395         1649         1716
                        370800          796          632         1315         1549         2102         1374         1431         1395         1649         1716
                        374400          811          640         1327         1569         2117         1394         1441         1409         1671         1735
                        378000          811          640         1327         1569         2117         1394         1441         1409         1671         1735
                        381600          819          649         1340         1595         2139         1432         1459         1419         1711         1757
                        385200          819          649         1340         1595         2139         1432         1459         1419         1711         1757
                        388800          819          649         1340         1595         2139         1432         1459         1419         1711         1757
                        392400          829          663         1352         1610         2149         1444         1484         1431         1729         1770
                        396000          829          663         1352         1610         2149         1444         1484         1431         1729         1770
                        399600          838          673         1363         1621         2165         1464         1501         1448         1740         1793
                        403200          838          673         1363         1621         2165         1464         1501         1448         1740         1793
                        406800          842          683         1377         1631         2180         1482         1521         1473         1742         1812
                        410400          842          683         1377         1631         2180         1482         1521         1473         1742         1812
                        414000          842          683         1377         1631         2180         1482         1521         1473         1742         1812
                        417600          845          687         1390         1642         2207         1500         1533         1494         1759         1827
                        421200          845          687         1390         1642         2207         1500         1533         1494         1759         1827
                        424800          855          694         1406         1653         2229         1516         1552         1516         1784         1839
                        428400          855          694         1406         1653         2229         1516         1552         1516         1784         1839
                        432000          855          694         1406         1653         2229         1516         1552         1516         1784         1839
                        435600          865          700         1420         1665         2238         1543         1560         1536         1821         1847
                        439200          865          700         1420         1665         2238         1543         1560         1536         1821         1847
                        442800          879          709         1448         1682         2261         1562         1569         1554         1838         1867
                        446400          879          709         1448         1682         2261         1562         1569         1554         1838         1867
                        450000          894          712         1469         1696         2282         1579         1576         1566         1850         1880
                        453600          894          712         1469         1696         2282         1579         1576         1566         1850         1880
                        457200          894          712         1469         1696         2282         1579         1576         1566         1850         1880
                        460800          899          716         1486         1724         2298         1588         1593         1576         1861         1884
                        464400          899          716         1486         1724         2298         1588         1593         1576         1861         1884
                        468000          908          722         1509         1739         2314         1612         1604         1587         1871         1890
                        471600          908          722         1509         1739         2314         1612         1604         1587         1871         1890
                        475200          908          722         1509         1739         2314         1612         1604         1587         1871         1890
                        478800          917          731         1526         1754         2342         1630         1625         1618         1893         1896
                        482400          917          731         1526         1754         2342         1630         1625         1618         1893         1896
                        486000          919          742         1530         1765         2353         1635         1657         1635         1898         1904
                        489600          919          742         1530         1765         2353         1635         1657         1635         1898         1904
                        493200          925          760         1534         1772         2381         1646         1664         1643         1902         1913
                        496800          925          760         1534         1772         2381         1646         1664         1643         1902         1913
                        500400          925          760         1534         1772         2381         1646         1664         1643         1902         1913
                        504000          932          774         1542         1775         2399         1648         1676         1650         1922         1919
                        507600          932          774         1542         1775         2399         1648         1676         1650         1922         1919
                        511200          937          784         1552         1797         2414         1655         1694         1659         1939         1931
                        514800          937          784         1552         1797         2414         1655         1694         1659         1939         1931
                        518400          937          784         1552         1797         2414         1655         1694         1659         1939         1931
                        522000          940          788         1572         1814         2429         1662         1699         1665         1952         1942
                        525600          940          788         1572         1814         2429         1662         1699         1665         1952         1942
                        529200          946          796         1589         1832         2438         1682         1706         1678         1973         1953
                        532800          946          796         1589         1832         2438         1682         1706         1678         1973         1953
                        536400          952          802         1601         1852         2457         1692         1712         1687         1978         1966
                        540000          952          802         1601         1852         2457         1692         1712         1687         1978         1966
                        543600          952          802         1601         1852         2457         1692         1712         1687         1978         1966
                        547200          956          807         1624         1876         2474         1700         1727         1693         1986         1973
                        550800          956          807         1624         1876         2474         1700         1727         1693         1986         1973
                        554400          957          810         1633         1896         2492         1710         1749         1696         2000         1981
                        558000          957          810         1633         1896         2492         1710         1749         1696         2000         1981
                        561600          957          810         1633         1896         2492         1710         1749         1696         2000         1981
                        565200          963          817         1643         1914         2513         1720         1767         1696         2027         1997
                        568800          963          817         1643         1914         2513         1720         1767         1696         2027         1997
                        572400          969          824         1656         1921         2529         1758         1778         1711         2036         2004
                        576000          969          824         1656         1921         2529         1758         1778         1711         2036         2004
                        579600          973          827         1665         1937         2541         1773         1783         1723         2044         2017
                        583200          973          827         1665         1937         2541         1773         1783         1723         2044         2017
                        586800          973          827         1665         1937         2541         1773         1783         1723         2044         2017
                        590400          984          830         1670         1947         2559         1781         1790         1737         2055         2024
                        594000          984          830         1670         1947         2559         1781         1790         1737         2055         2024
                        597600          995          834         1680         1961         2573         1798         1801         1743         2065         2029
                        601200          995          834         1680         1961         2573         1798         1801         1743         2065         2029
                        604800          995          834         1680         1961         2573         1798         1801         1743         2065         2029
                        608400         1006          835         1693         1972         2594         1811         1804         1750         2080         2034
                        612000         1006          835         1693         1972         2594         1811         1804         1750         2080         2034
                        615600         1010          842         1704         1985         2609         1824         1817         1755         2085         2043
                        619200         1010          842         1704         1985         2609         1824         1817         1755         2085         2043
                        622800         1014          843         1715         2000         2633         1827         1833         1767         2092         2050
                        626400         1014          843         1715         2000         2633         1827         1833         1767         2092         2050
                        630000         1014          843         1715         2000         2633         1827         1833         1767         2092         2050
                        633600         1020          846         1724         2011         2644         1831         1839         1788         2096         2067
                        637200         1020          846         1724         2011         2644         1831         1839         1788         2096         2067
                        640800         1026          851         1732         2019         2661         1837         1850         1806         2104         2072
                        644400         1026          851         1732         2019         2661         1837         1850         1806         2104         2072
                        648000         1026          851         1732         2019         2661         1837         1850         1806         2104         2072
                        651600         1034          855         1737         2032         2688         1849         1862         1807         2108         2081
                        655200         1034          855         1737         2032         2688         1849         1862         1807         2108         2081
                        658800         1036          865         1739         2037         2693         1863         1866         1813         2112         2087
                        662400         1036          865         1739         2037         2693         1863         1866         1813         2112         2087
                        666000         1044          870         1751         2040         2701         1874         1873         1823         2118         2094
                        669600         1044          870         1751         2040         2701         1874         1873         1823         2118         2094
                        673200         1044          870         1751         2040         2701         1874         1873         1823         2118         2094
                        676800         1048          879         1771         2043         2719         1882         1892         1833         2123         2101
                        680400         1048          879         1771         2043         2719         1882         1892         1833         2123         2101
                        684000         1054          885         1782         2054         2730         1888         1894         1839         2129         2107
                        687600         1054          885         1782         2054         2730         1888         1894         1839         2129         2107
                        691200         1054          885         1782         2054         2730         1888         1894         1839         2129         2107
                        694800         1059          886         1788         2061         2750         1892         1894         1845         2133         2109
                        698400         1059          886         1788         2061         2750         1892         1894         1845         2133         2109
                        702000         1069          890         1795         2062         2772         1899         1895         1856         2136         2112
                        705600         1069          890         1795         2062         2772         1899         1895         1856         2136         2112
                        709200         1076          897         1805         2070         2789         1900         1904         1873         2140         2115
                        712800         1076          897         1805         2070         2789         1900         1904         1873         2140         2115
                        716400         1076          897         1805         2070         2789         1900         1904         1873         2140         2115
                        720000         1080          903         1817         2078         2799         1902         1915         1881         2152         2122
                        723600         1080          903         1817         2078         2799         1902         1915         1881         2152         2122
                        727200         1081          909         1830         2091         2834         1905         1927         1890         2157         2125
                        730800         1081          909         1830         2091         2834         1905         1927         1890         2157         2125
                        734400         1081          909         1830         2091         2834         1905         1927         1890         2157         2125
                        738000         1083          912         1839         2120         2853         1907         1940         1897         2161         2126
                        741600         1083          912         1839         2120         2853         1907         1940         1897         2161         2126
                        745200         1084          914         1842         2164         2867         1912         1956         1907         2164         2126
                        748800         1084          914         1842         2164         2867         1912         1956         1907         2164         2126
                        752400         1089          914         1850         2171         2877         1914         1977         1914         2170         2133
                        756000         1089          914         1850         2171         2877         1914         1977         1914         2170         2133
                        759600         1089          914         1850         2171         2877         1914         1977         1914         2170         2133
                        763200         1094          917         1859         2178         2882         1916         1992         1919         2184         2135
                        766800         1094          917         1859         2178         2882         1916         1992         1919         2184         2135
                        770400         1100          919         1867         2183         2890         1919         2002         1920         2192         2142
                        774000         1100          919         1867         2183         2890         1919         2002         1920         2192         2142
                        777600         1100          919         1867         2183         2890         1919         2002         1920         2192         2142
                        781200         1101          925         1886         2186         2899         1927         2004         1926         2195         2146
                        784800         1101          925         1886         2186         2899         1927         2004         1926         2195         2146
                        788400         1110          928         1892         2191         2906         1934         2006         1931         2203         2154
                        792000         1110          928         1892         2191         2906         1934         2006         1931         2203         2154
                        795600         1111          936         1896         2200         2912         1938         2008         1936         2211         2159
                        799200         1111          936         1896         2200         2912         1938         2008         1936         2211         2159
                        802800         1111          936         1896         2200         2912         1938         2008         1936         2211         2159
                        806400         1116          940         1899         2203         2916         1948         2016         1949         2217         2162
                        810000         1116          940         1899         2203         2916         1948         2016         1949         2217         2162
                        813600         1118          940         1899         2203         2920         1952         2021         1961         2223         2171
                        817200         1118          940         1899         2203         2920         1952         2021         1961         2223         2171
                        820800         1118          940         1899         2203         2920         1952         2021         1961         2223         2171
                        824400         1122          947         1906         2207         2922         1956         2027         1967         2223         2185
                        828000         1122          947         1906         2207         2922         1956         2027         1967         2223         2185
                        831600         1122          957         1917         2208         2932         1967         2046         1970         2225         2190
                        835200         1122          957         1917         2208         2932         1967         2046         1970         2225         2190
                        838800         1122          960         1920         2223         2949         1970         2054         1976         2231         2196
                        842400         1122          960         1920         2223         2949         1970         2054         1976         2231         2196
                        846000         1122          960         1920         2223         2949         1970         2054         1976         2231         2196
                        849600         1128          967         1927         2227         2973         1975         2065         1979         2236         2200
                        853200         1128          967         1927         2227         2973         1975         2065         1979         2236         2200
                        856800         1130          971         1935         2232         2983         1980         2070         1981         2244         2201
                        860400         1130          971         1935         2232         2983         1980         2070         1981         2244         2201
                        864000         1130          971         1935         2232         2983         1980         2070         1981         2244         2201
                        867600         1140          971         1946         2250         3019         1988         2073         1993         2261         2202
                        871200         1140          971         1946         2250         3019         1988         2073         1993         2261         2202
                        874800         1144          973         1956         2266         3031         1991         2087         1998         2265         2203
                        878400         1144          973         1956         2266         3031         1991         2087         1998         2265         2203
                        882000         1151          974         1966         2288         3044         1991         2091         2000         2270         2204
                        885600         1151          974         1966         2288         3044         1991         2091         2000         2270         2204
                        889200         1151          974         1966         2288         3044         1991         2091         2000         2270         2204
                        892800         1163          977         1972         2299         3056         2003         2114         2007         2280         2211
                        896400         1163          977         1972         2299         3056         2003         2114         2007         2280         2211
                        900000         1165          978         1974         2304         3075         2015         2129         2009         2285         2221
                        903600         1165          978         1974         2304         3075         2015         2129         2009         2285         2221
                        907200         1165          978         1974         2304         3075         2015         2129         2009         2285         2221
                        910800         1167          981         1980         2308         3084         2028         2140         2014         2290         2223
                        914400         1167          981         1980         2308         3084         2028         2140         2014         2290         2223
                        918000         1170          981         1982         2323         3100         2035         2142         2025         2294         2228
                        921600         1170          981         1982         2323         3100         2035         2142         2025         2294         2228
                        925200         1172          984         1994         2329         3116         2041         2147         2033         2302         2235
                        928800         1172          984         1994         2329         3116         2041         2147         2033         2302         2235
                        932400         1172          984         1994         2329         3116         2041         2147         2033         2302         2235
                        936000         1174          985         2011         2335         3138         2044         2152         2046         2311         2246
                        939600         1174          985         2011         2335         3138         2044         2152         2046         2311         2246
                        943200         1184          986         2018         2337         3146         2054         2159         2059         2317         2256
                        946800         1184          986         2018         2337         3146         2054         2159         2059         2317         2256
                        950400         1184          986         2018         2337         3146         2054         2159         2059         2317         2256
                        954000         1186          990         2027         2351         3164         2058         2161         2071         2321         2264
                        957600         1186          990         2027         2351         3164         2058         2161         2071         2321         2264
                        961200         1191          992         2029         2357         3182         2061         2166         2080         2333         2268
                        964800         1191          992         2029         2357         3182         2061         2166         2080         2333         2268
                        968400         1199          996         2035         2376         3194         2063         2171         2093         2336         2275
                        972000         1199          996         2035         2376         3194         2063         2171         2093         2336         2275
                        975600         1199          996         2035         2376         3194         2063         2171         2093         2336         2275
                        979200         1202         1005         2040         2381         3223         2073         2179         2098         2346         2279
                        982800         1202         1005         2040         2381         3223         2073         2179         2098         2346         2279
                        986400         1213         1010         2042         2386         3228         2081         2181         2101         2355         2284
                        990000         1213         1010         2042         2386         3228         2081         2181         2101         2355         2284
                        993600         1213         1010         2042         2386         3228         2081         2181         2101         2355         2284
                        997200         1220         1015         2051         2408         3230         2082         2186         2101         2357         2289
                       1000800         1220         1015         2051         2408         3230         2082         2186         2101         2357         2289
                       1004400         1222         1032         2055         2415         3233         2085         2190         2104         2358         2290
                       1008000         1222         1032         2055         2415         3233         2085         2190         2104         2358         2290
                       1011600         1224         1033         2056         2419         3255         2089         2207         2107         2360         2290
                       1015200         1224         1033         2056         2419         3255         2089         2207         2107         2360         2290
                       1018800         1224         1033         2056         2419         3255         2089         2207         2107         2360         2290
                       1022400         1225         1039         2059         2432         3259         2095         2216         2110         2372         2300
                       1026000         1225         1039         2059         2432         3259         2095         2216         2110         2372         2300
                       1029600         1226         1040         2074         2442         3271         2098         2226         2116         2381         2303
                       1033200         1226         1040         2074         2442         3271         2098         2226         2116         2381         2303
                       1036800         1226         1040         2074         2442         3271         2098         2226         2116         2381         2303
                       1040400         1227         1041         2079         2445         3282         2106         2231         2127         2394         2309
                       1044000         1227         1041         2079         2445         3282         2106         2231         2127         2394         2309
                       1047600         1232         1043         2083         2449         3307         2110         2236         2135         2405         2319
                       1051200         1232         1043         2083         2449         3307         2110         2236         2135         2405         2319
                       1054800         1238         1052         2089         2455         3332         2118         2241         2139         2411         2324
                       1058400         1238         1052         2089         2455         3332         2118         2241         2139         2411         2324
                       1062000         1238         1052         2089         2455         3332         2118         2241         2139         2411         2324
                       1065600         1244         1057         2096         2468         3343         2122         2249         2140         2419         2333
                       1069200         1244         1057         2096         2468         3343         2122         2249         2140         2419         2333
                       1072800         1248         1070         2100         2472         3348         2125         2264         2141         2423         2345
                       1076400         1248         1070         2100         2472         3348         2125         2264         2141         2423         2345
                       1080000         1248         1070         2100         2472         3348         2125         2264         2141         2423         2345
                       1083600         1252         1072         2106         2483         3352         2129         2279         2144         2427         2349
                       1087200         1252         1072         2106         2483         3352         2129         2279         2144         2427         2349
                       1090800         1255         1077         2117         2503         3354         2137         2280         2146         2429         2355
                       1094400         1255         1077         2117         2503         3354         2137         2280         2146         2429         2355
                       1098000         1263         1077         2121         2511         3357         2152         2285         2151         2433         2356
                       1101600         1263         1077         2121         2511         3357         2152         2285         2151         2433         2356
                       1105200         1263         1077         2121         2511         3357         2152         2285         2151         2433         2356
                       1108800         1269         1079         2128         2521         3365         2157         2288         2158         2437         2369
                       1112400         1269         1079         2128         2521         3365         2157         2288         2158         2437         2369
                       1116000         1275         1081         2138         2525         3371         2168         2292         2167         2443         2375
                       1119600         1275         1081         2138         2525         3371         2168         2292         2167         2443         2375
                       1123200         1275         1081         2138         2525         3371         2168         2292         2167         2443         2375
                       1126800         1279         1081         2140         2535         3389         2180         2297         2177         2452         2383
                       1130400         1279         1081         2140         2535         3389         2180         2297         2177         2452         2383
                       1134000         1283         1084         2150         2540         3429         2184         2303         2192         2461         2387
                       1137600         1283         1084         2150         2540         3429         2184         2303         2192         2461         2387
                       1141200         1284         1087         2154         2558         3439         2187         2313         2205         2464         2389
                       1144800         1284         1087         2154         2558         3439         2187         2313         2205         2464         2389
                       1148400         1284         1087         2154         2558         3439         2187         2313         2205         2464         2389
                       1152000         1289         1088         2165         2566         3447         2191         2327         2215         2466         2396
                       1155600         1289         1088         2165         2566         3447         2191         2327         2215         2466         2396
                       1159200         1305         1090         2172         2571         3448         2200         2333         2217         2469         2406
                       1162800         1305         1090         2172         2571         3448         2200         2333         2217         2469         2406
                       1166400         1305         1090         2172         2571         3448         2200         2333         2217         2469         2406
                       1170000         1309         1094         2186         2573         3452         2209         2340         2222         2471         2410
                       1173600         1309         1094         2186         2573         3452         2209         2340         2222         2471         2410
                       1177200         1312         1111         2192         2581         3464         2213         2347         2224         2475         2420
                       1180800         1312         1111         2192         2581         3464         2213         2347         2224         2475         2420
                       1184400         1314         1115         2207         2597         3475         2219         2350         2227         2476         2427
                       1188000         1314         1115         2207         2597         3475         2219         2350         2227         2476         2427
                       1191600         1314         1115         2207         2597         3475         2219         2350         2227         2476         2427
                       1195200         1317         1119         2219         2609         3488         2224         2353         2237         2483         2430
                       1198800         1317         1119         2219         2609         3488         2224         2353         2237         2483         2430
                       1202400         1323         1120         2228         2632         3508         2231         2355         2242         2491         2433
                       1206000         1323         1120         2228         2632         3508         2231         2355         2242         2491         2433
                       1209600         1323         1120         2228         2632         3508         2231         2355         2242         2491         2433
                       1213200         1326         1123         2236         2633         3519         2234         2355         2249         2505         2434
                       1216800         1326         1123         2236         2633         3519         2234         2355         2249         2505         2434
                       1220400         1331         1130         2244         2635         3526         2236         2357         2261         2509         2438
                       1224000         1331         1130         2244         2635         3526         2236         2357         2261         2509         2438
                       1227600         1334         1131         2248         2639         3534         2236         2366         2267         2512         2444
                       1231200         1334         1131         2248         2639         3534         2236         2366         2267         2512         2444
                       1234800         1334         1131         2248         2639         3534         2236         2366         2267         2512         2444
                       1238400         1340         1131         2250         2644         3560         2237         2366         2273         2529         2446
                       1242000         1340         1131         2250         2644         3560         2237         2366         2273         2529         2446
                       1245600         1345         1135         2254         2652         3567         2239         2368         2282         2535         2450
                       1249200         1345         1135         2254         2652         3567         2239         2368         2282         2535         2450
                       1252800         1345         1135         2254         2652         3567         2239         2368         2282         2535         2450
                       1256400         1352         1137         2268         2656         3581         2247         2375         2286         2540         2456
                       1260000         1352         1137         2268         2656         3581         2247         2375         2286         2540         2456
                       1263600         1358         1137         2269         2660         3597         2262         2399         2290         2544         2479
                       1267200         1358         1137         2269         2660         3597         2262         2399         2290         2544         2479
                       1270800         1359         1138         2273         2672         3619         2271         2409         2295         2547         2481
                       1274400         1359         1138         2273         2672         3619         2271         2409         2295         2547         2481
                       1278000         1359         1138         2273         2672         3619         2271         2409         2295         2547         2481
                       1281600         1361         1139         2275         2682         3624         2279         2420         2302         2554         2485
                       1285200         1361         1139         2275         2682         3624         2279         2420         2302         2554         2485
                       1288800         1366         1143         2280         2692         3630         2284         2429         2316         2559         2489
                       1292400         1366         1143         2280         2692         3630         2284         2429         2316         2559         2489
                       1296000         1366         1143         2280         2692         3630         2284         2429         2316         2559         2489
                       1299600         1368         1147         2283         2705         3636         2297         2432         2327         2563         2492
                       1303200         1368         1147         2283         2705         3636         2297         2432         2327         2563         2492
                       1306800         1371         1153         2294         2709         3642         2301         2438         2337         2571         2497
                       1310400         1371         1153         2294         2709         3642         2301         2438         2337         2571         2497
                       1314000         1377         1158         2302         2714         3652         2307         2440         2339         2575         2503
                       1317600         1377         1158         2302         2714         3652         2307         2440         2339         2575         2503
                       1321200         1377         1158         2302         2714         3652         2307         2440         2339         2575         2503
                       1324800         1386         1159         2306         2719         3666         2309         2442         2340         2580         2504
                       1328400         1386         1159         2306         2719         3666         2309         2442         2340         2580         2504
                       1332000         1395         1162         2309         2730         3668         2314         2446         2341         2586         2508
                       1335600         1395         1162         2309         2730         3668         2314         2446         2341         2586         2508
                       1339200         1395         1162         2309         2730         3668         2314         2446         2341         2586         2508
                       1342800         1403         1171         2309         2736         3669         2318         2452         2344         2587         2512
                       1346400         1403         1171         2309         2736         3669         2318         2452         2344         2587         2512
                       1350000         1407         1173         2311         2737         3678         2322         2452         2354         2589         2521
                       1353600         1407         1173         2311         2737         3678         2322         2452         2354         2589         2521
                       1357200         1413         1176         2314         2739         3685         2325         2454         2358         2596         2530
                       1360800         1413         1176         2314         2739         3685         2325         2454         2358         2596         2530
                       1364400         1413         1176         2314         2739         3685         2325         2454         2358         2596         2530
                       1368000         1415         1183         2319         2756         3696         2335         2457         2360         2604         2545
                       1371600         1415         1183         2319         2756         3696         2335         2457         2360         2604         2545
                       1375200         1417         1183         2326         2767         3706         2337         2470         2364         2607         2550
                       1378800         1417         1183         2326         2767         3706         2337         2470         2364         2607         2550
                       1382400         1417         1183         2326         2767         3706         2337         2470         2364         2607         2550
                       1386000         1418         1184         2336         2774         3738         2339         2475         2372         2622         2553
                       1389600         1418         1184         2336         2774         3738         2339         2475         2372         2622         2553
                       1393200         1421         1188         2342         2799         3755         2343         2479         2374         2628         2557
                       1396800         1421         1188         2342         2799         3755         2343         2479         2374         2628         2557
                       1400400         1424         1190         2361         2809         3763         2348         2484         2388         2631         2559
                       1404000         1424         1190         2361         2809         3763         2348         2484         2388         2631         2559
                       1407600         1424         1190         2361         2809         3763         2348         2484         2388         2631         2559
                       1411200         1430         1193         2364         2819         3774         2352         2495         2400         2632         2566
                       1414800         1430         1193         2364         2819         3774         2352         2495         2400         2632         2566
                       1418400         1433         1195         2371         2828         3791         2353         2509         2408         2647         2578
                       1422000         1433         1195         2371         2828         3791         2353         2509         2408         2647         2578
                       1425600         1433         1195         2371         2828         3791         2353         2509         2408         2647         2578
                       1429200         1439         1195         2378         2830         3808         2353         2523         2418         2662         2586
                       1432800         1439         1195         2378         2830         3808         2353         2523         2418         2662         2586
                       1436400         1440         1206         2383         2843         3816         2354         2525         2422         2671         2591
                       1440000         1440         1206         2383         2843         3816         2354         2525         2422         2671         2591
                       1443600         1440         1212         2390         2856         3838         2354         2531         2424         2677         2593
                       1447200         1440         1212         2390         2856         3838         2354         2531         2424         2677         2593
                       1450800         1440         1212         2390         2856         3838         2354         2531         2424         2677         2593
                       1454400         1441         1217         2393         2872         3848         2359         2533         2428         2684         2595
                       1458000         1441         1217         2393         2872         3848         2359         2533         2428         2684         2595
                       1461600         1443         1225         2396         2882         3851         2368         2533         2437         2693         2602
                       1465200         1443         1225         2396         2882         3851         2368         2533         2437         2693         2602
                       1468800         1443         1225         2396         2882         3851         2368         2533         2437         2693         2602
                       1472400         1445         1231         2403         2886         3860         2369         2543         2441         2724         2607
                       1476000         1445         1231         2403         2886         3860         2369         2543         2441         2724         2607
                       1479600         1448         1234         2407         2891         3864         2372         2548         2454         2729         2611
                       1483200         1448         1234         2407         2891         3864         2372         2548         2454         2729         2611
                       1486800         1449         1235         2415         2893         3877         2378         2551         2455         2732         2616
                       1490400         1449         1235         2415         2893         3877         2378         2551         2455         2732         2616
                       1494000         1449         1235         2415         2893         3877         2378         2551         2455         2732         2616
                       1497600         1452         1235         2420         2901         3915         2386         2553         2460         2735         2632
                       1501200         1452         1235         2420         2901         3915         2386         2553         2460         2735         2632
                       1504800         1459         1236         2429         2907         3923         2393         2558         2464         2737         2633
                       1508400         1459         1236         2429         2907         3923         2393         2558         2464         2737         2633
                       1512000         1459         1236         2429         2907         3923         2393         2558         2464         2737         2633
                       1515600         1460         1237         2437         2907         3926         2399         2560         2465         2745         2633
                       1519200         1460         1237         2437         2907         3926         2399         2560         2465         2745         2633
                       1522800         1461         1239         2444         2914         3932         2402         2568         2470         2753         2633
                       1526400         1461         1239         2444         2914         3932         2402         2568         2470         2753         2633
                       1530000         1463         1246         2450         2916         3933         2407         2573         2472         2756         2636
                       1533600         1463         1246         2450         2916         3933         2407         2573         2472         2756         2636
                       1537200         1463         1246         2450         2916         3933         2407         2573         2472         2756         2636
                       1540800         1465         1252         2456         2919         3956         2408         2576         2476         2756         2643
                       1544400         1465         1252         2456         2919         3956         2408         2576         2476         2756         2643
                       1548000         1478         1257         2458         2922         3973         2413         2576         2481         2763         2643
                       1551600         1478         1257         2458         2922         3973         2413         2576         2481         2763         2643
                       1555200         1478         1257         2458         2922         3973         2413         2576         2481         2763         2643
                       1558800         1481         1260         2459         2923         3980         2415         2576         2492         2772         2646
                       1562400         1481         1260         2459         2923         3980         2415         2576         2492         2772         2646
                       1566000         1485         1260         2463         2927         3989         2416         2576         2500         2784         2650
                       1569600         1485         1260         2463         2927         3989         2416         2576         2500         2784         2650
                       1573200         1486         1260         2471         2936         4006         2422         2578         2508         2788         2650
                       1576800         1486         1260         2471         2936         4006         2422         2578         2508         2788         2650
                       1580400         1486         1260         2471         2936         4006         2422         2578         2508         2788         2650
                       1584000         1489         1267         2474         2952         4017         2427         2579         2519         2796         2650
                       1587600         1489         1267         2474         2952         4017         2427         2579         2519         2796         2650
                       1591200         1494         1267         2478         2964         4035         2439         2581         2530         2799         2651
                       1594800         1494         1267         2478         2964         4035         2439         2581         2530         2799         2651
                       1598400         1494         1267         2478         2964         4035         2439         2581         2530         2799         2651
                       1602000         1497         1270         2481         2970         4053         2443         2581         2533         2801         2652
                       1605600         1497         1270         2481         2970         4053         2443         2581         2533         2801         2652
                       1609200         1503         1271         2484         2970         4066         2452         2583         2536         2803         2652
                       1612800         1503         1271         2484         2970         4066         2452         2583         2536         2803         2652
                       1616400         1503         1272         2490         2976         4074         2454         2590         2539         2809         2655
                       1620000         1503         1272         2490         2976         4074         2454         2590         2539         2809         2655
                       1623600         1503         1272         2490         2976         4074         2454         2590         2539         2809         2655
                       1627200         1505         1274         2499         2985         4083         2458         2594         2550         2815         2658
                       1630800         1505         1274         2499         2985         4083         2458         2594         2550         2815         2658
                       1634400         1514         1275         2508         2987         4088         2466         2596         2554         2819         2673
                       1638000         1514         1275         2508         2987         4088         2466         2596         2554         2819         2673
                       1641600         1514         1275         2508         2987         4088         2466         2596         2554         2819         2673
                       1645200         1522         1281         2520         2995         4098         2468         2624         2555         2826         2690
                       1648800         1522         1281         2520         2995         4098         2468         2624         2555         2826         2690
                       1652400         1525         1290         2531         3001         4112         2476         2637         2570         2834         2711
                       1656000         1525         1290         2531         3001         4112         2476         2637         2570         2834         2711
                       1659600         1530         1295         2550         3018         4129         2483         2656         2595         2846         2729
                       1663200         1530         1295         2550         3018         4129         2483         2656         2595         2846         2729
                       1666800         1530         1295         2550         3018         4129         2483         2656         2595         2846         2729
                       1670400         1547         1300         2571         3024         4145         2495         2662         2614         2855         2752
                       1674000         1547         1300         2571         3024         4145         2495         2662         2614         2855         2752
                       1677600         1558         1304         2582         3043         4159         2503         2667         2625         2870         2769
                       1681200         1558         1304         2582         3043         4159         2503         2667         2625         2870         2769
                       1684800         1558         1304         2582         3043         4159         2503         2667         2625         2870         2769
                       1688400         1563         1311         2592         3053         4169         2513         2675         2635         2879         2775
                       1692000         1563         1311         2592         3053         4169         2513         2675         2635         2879         2775
                       1695600         1564         1315         2600         3060         4176         2524         2690         2640         2884         2787
                       1699200         1564         1315         2600         3060         4176         2524         2690         2640         2884         2787
                       1702800         1570         1318         2609         3071         4188         2536         2699         2642         2888         2796
                       1706400         1570         1318         2609         3071         4188         2536         2699         2642         2888         2796
                       1710000         1570         1318         2609         3071         4188         2536         2699         2642         2888         2796
                       1713600         1577         1330         2611         3077         4198         2541         2708         2643         2907         2815
                       1717200         1577         1330         2611         3077         4198         2541         2708         2643         2907         2815
                       1720800         1581         1339         2628         3087         4213         2552         2713         2653         2921         2825
                       1724400         1581         1339         2628         3087         4213         2552         2713         2653         2921         2825
                       1728000         1581         1339         2628         3087         4213         2552         2713         2653         2921         2825
                       1731600         1584         1350         2640         3094         4217         2567         2723         2662         2935         2837
                       1735200         1584         1350         2640         3094         4217         2567         2723         2662         2935         2837
                       1738800         1588         1358         2659         3104         4223         2577         2756         2668         2949         2868
                       1742400         1588         1358         2659         3104         4223         2577         2756         2668         2949         2868
                       1746000         1590         1365         2667         3118         4232         2580         2764         2673         2957         2877
                       1749600         1590         1365         2667         3118         4232         2580         2764         2673         2957         2877
                       1753200         1590         1365         2667         3118         4232         2580         2764         2673         2957         2877
                       1756800         1601         1368         2683         3136         4254         2583         2776         2680         2965         2884
                       1760400         1601         1368         2683         3136         4254         2583         2776         2680         2965         2884
                       1764000         1604         1372         2691         3164         4269         2586         2783         2687         3007         2895
                       1767600         1604         1372         2691         3164         4269         2586         2783         2687         3007         2895
                       1771200         1604         1372         2691         3164         4269         2586         2783         2687         3007         2895
                       1774800         1607         1378         2698         3183         4285         2595         2788         2701         3012         2903
                       1778400         1607         1378         2698         3183         4285         2595         2788         2701         3012         2903
                       1782000         1608         1380         2706         3196         4295         2598         2795         2710         3016         2908
                       1785600         1608         1380         2706         3196         4295         2598         2795         2710         3016         2908
                       1789200         1614         1383         2714         3206         4303         2605         2811         2731         3023         2912
                       1792800         1614         1383         2714         3206         4303         2605         2811         2731         3023         2912
                       1796400         1614         1383         2714         3206         4303         2605         2811         2731         3023         2912
                       1800000         1616         1387         2730         3220         4309         2616         2823         2746         3036         2918
                       1803600         1616         1387         2730         3220         4309         2616         2823         2746         3036         2918
                       1807200         1625         1395         2751         3229         4320         2630         2834         2751         3049         2927
                       1810800         1625         1395         2751         3229         4320         2630         2834         2751         3049         2927
                       1814400         1625         1395         2751         3229         4320         2630         2834         2751         3049         2927
                       1818000         1630         1401         2763         3236         4332         2642         2841         2762         3078         2947
                       1821600         1630         1401         2763         3236         4332         2642         2841         2762         3078         2947
                       1825200         1639         1410         2770         3255         4346         2645         2858         2769         3088         2958
                       1828800         1639         1410         2770         3255         4346         2645         2858         2769         3088         2958
                       1832400         1648         1415         2787         3264         4358         2653         2863         2777         3093         2967
                       1836000         1648         1415         2787         3264         4358         2653         2863         2777         3093         2967
                       1839600         1648         1415         2787         3264         4358         2653         2863         2777         3093         2967
                       1843200         1658         1418         2797         3282         4366         2655         2865         2798         3099         2974
                       1846800         1658         1418         2797         3282         4366         2655         2865         2798         3099         2974
                       1850400         1661         1421         2803         3293         4377         2657         2873         2811         3112         2981
                       1854000         1661         1421         2803         3293         4377         2657         2873         2811         3112         2981
                       1857600         1661         1421         2803         3293         4377         2657         2873         2811         3112         2981
                       1861200         1665         1428         2809         3302         4400         2658         2891         2823         3120         2995
                       1864800         1665         1428         2809         3302         4400         2658         2891         2823         3120         2995
                       1868400         1667         1430         2815         3316         4414         2662         2899         2832         3126         2997
                       1872000         1667         1430         2815         3316         4414         2662         2899         2832         3126         2997
                       1875600         1676         1432         2821         3326         4434         2666         2920         2838         3133         3002
                       1879200         1676         1432         2821         3326         4434         2666         2920         2838         3133         3002
                       1882800         1676         1432         2821         3326         4434         2666         2920         2838         3133         3002
                       1886400         1680         1438         2829         3334         4453         2669         2926         2845         3137         3011
                       1890000         1680         1438         2829         3334         4453         2669         2926         2845         3137         3011
                       1893600         1693         1441         2839         3337         4460         2681         2934         2852         3139         3022
                       1897200         1693         1441         2839         3337         4460         2681         2934         2852         3139         3022
                       1900800         1693         1441         2839         3337         4460         2681         2934         2852         3139         3022
                       1904400         1698         1453         2847         3342         4474         2693         2945         2858         3149         3038
                       1908000         1698         1453         2847         3342         4474         2693         2945         2858         3149         3038
                       1911600         1709         1462         2863         3348         4477         2699         2960         2871         3156         3055
                       1915200         1709         1462         2863         3348         4477         2699         2960         2871         3156         3055
                       1918800         1718         1467         2873         3353         4485         2703         2963         2882         3159         3070
                       1922400         1718         1467         2873         3353         4485         2703         2963         2882         3159         3070
                       1926000         1718         1467         2873         3353         4485         2703         2963         2882         3159         3070
                       1929600         1726         1472         2879         3390         4496         2705         2965         2884         3171         3084
                       1933200         1726         1472         2879         3390         4496         2705         2965         2884         3171         3084
                       1936800         1736         1474         2885         3402         4504         2709         2971         2889         3185         3097
                       1940400         1736         1474         2885         3402         4504         2709         2971         2889         3185         3097
                       1944000         1736         1474         2885         3402         4504         2709         2971         2889         3185         3097
                       1947600         1746         1480         2893         3406         4506         2715         2977         2896         3191         3101
                       1951200         1746         1480         2893         3406         4506         2715         2977         2896         3191         3101
                       1954800         1749         1487         2911         3416         4514         2728         2982         2899         3196         3112
                       1958400         1749         1487         2911         3416         4514         2728         2982         2899         3196         3112
                       1962000         1757         1489         2920         3430         4519         2730         2985         2916         3203         3119
                       1965600         1757         1489         2920         3430         4519         2730         2985         2916         3203         3119
                       1969200         1757         1489         2920         3430         4519         2730         2985         2916         3203         3119
                       1972800         1761         1499         2939         3439         4530         2735         2987         2923         3212         3128
                       1976400         1761         1499         2939         3439         4530         2735         2987         2923         3212         3128
                       1980000         1770         1506         2954         3450         4542         2738         2998         2935         3228         3144
                       1983600         1770         1506         2954         3450         4542         2738         2998         2935         3228         3144
                       1987200         1770         1506         2954         3450         4542         2738         2998         2935         3228         3144
                       1990800         1772         1511         2962         3459         4560         2741         3012         2942         3233         3166
                       1994400         1772         1511         2962         3459         4560         2741         3012         2942         3233         3166
                       1998000         1780         1513         2970         3475         4579         2745         3027         2956         3237         3177
                       2001600         1780         1513         2970         3475         4579         2745         3027         2956         3237         3177
